1 0.04348804800000039 24
5 2.3238000011360782e-05 600
10 7.920000001604421e-06 2400
15 8.24199997850883e-06 5400
20 2.4475000003576497e-05 9600
30 2.258099999608021e-05 21600
40 2.4534999994330065e-05 38400
50 3.678999999578991e-05 60000
60 4.727699999307333e-05 86400
70 0.00021035700001448276 117600
100 0.00014870500001507025 240000
200 0.001724803999991309 960000
300 0.003949927999997271 2160000
400 0.006364250999979504 3840000
500 0.015661907000009023 6000000
600 0.00920543800000928 8640000
700 0.02326467800000387 11760000
800 0.021841685999987703 15360000
900 0.03641075900000601 19440000
1000 0.055247258000008515 24000000
2000 0.3532296429999917 96000000
3000 0.8595650700000022 216000000
4000 2.0340229720000025 384000000
5000 4.337645882999993 600000000
10000 32.523549903 2400000000
