1 0.04288245899999765 24
5 1.965100000234088e-05 600
10 7.3130000259880035e-06 2400
15 0.0015536640000277657 5400
20 1.2556999990920303e-05 9600
30 1.739200001793506e-05 21600
40 1.3034000005518465e-05 38400
50 1.881900004718773e-05 60000
60 5.5241999973532074e-05 86400
70 0.0001729939999677299 117600
100 0.00012915999997176186 240000
200 0.001915999000004831 960000
300 0.003985000000000127 2160000
400 0.007380358000034448 3840000
500 0.012452850000045146 6000000
600 0.010046445999989828 8640000
700 0.014863486999956876 11760000
800 0.020287997999957952 15360000
900 0.02698036200001752 19440000
1000 0.037225750999994034 24000000
2000 0.2644011119999732 96000000
3000 0.8905611409999779 216000000
4000 1.8329813380000246 384000000
5000 3.5882141970000134 600000000
10000 27.92402213500003 2400000000
