1 0.03640586399998824 24
5 1.8721000003552035e-05 600
10 8.031999996660488e-06 2400
15 2.9503000007480296e-05 5400
20 2.681899999856796e-05 9600
30 2.196200000526005e-05 21600
40 1.8803999992655918e-05 38400
50 2.021499999216303e-05 60000
60 3.869599999006823e-05 86400
70 0.0001152799999886156 117600
100 0.00017762500000628734 240000
200 0.0021193939999903932 960000
300 0.005459552000004919 2160000
400 0.007328968999999574 3840000
500 0.01163238799999533 6000000
600 0.01106557299999622 8640000
700 0.018117166999999768 11760000
800 0.02004304899999454 15360000
900 0.027872215000002143 19440000
1000 0.03686955199999886 24000000
2000 0.24749477199999603 96000000
3000 0.8750103280000019 216000000
4000 1.8118669729999937 384000000
5000 3.8064749290000037 600000000
10000 29.538729650999997 2400000000
