1 0.04058893100000205 24
5 1.779899999121426e-05 600
10 2.8838000005748654e-05 2400
15 7.482000000891276e-06 5400
20 1.2202999997157349e-05 9600
30 3.002299999366187e-05 21600
40 2.499499998975807e-05 38400
50 3.3203000000980865e-05 60000
60 4.4316000000321765e-05 86400
70 7.961400000056074e-05 117600
100 0.00012198999999668558 240000
200 0.001387424000000692 960000
300 0.002870215000001508 2160000
400 0.00807911399999739 3840000
500 0.011460513000002948 6000000
600 0.008962530999994556 8640000
700 0.013865995000003295 11760000
800 0.01847581500000217 15360000
900 0.027430754999997475 19440000
1000 0.035130104000003826 24000000
2000 0.27473033300000793 96000000
3000 0.8179346919999944 216000000
4000 2.071531327999992 384000000
5000 4.166029214000005 600000000
10000 31.52591663999999 2400000000
