1 0.00012101060000000164 
5 0.00011467729999998788 
10 0.00011361250000001544 
15 0.00015091859999999402 
20 0.00024629840000000013 
30 0.00020652010000000165 
40 0.00025139969999999343 
50 0.0002695457000000012 
60 0.00032986230000000004 
70 0.00041019929999999705 
80 0.00046581649999999917 
100 0.0005694946000000034 
200 0.001800265800000006 
300 0.0048928945 
400 0.008061775600000005 
500 0.01107609100000002 
600 0.012354302800000017 
700 0.015340259800000011 
800 0.022568230299999947 
900 0.025875775100000033 
1000 0.035455269599999964 
2000 0.17086527979999983 
3000 0.48376167160000005 
4000 1.0198179864 
5000 2.0763280577 
