1 0.00012140849999999758 
5 0.00013125390000000016 
10 0.00020606099999999906 
15 0.00015889139999999968 
20 0.0005563643000000007 
30 0.004026264600000007 
40 0.0012569447000000066 
50 0.0013121264000000021 
60 0.001587609899999992 
70 0.0003786069999999975 
80 0.0004666827999999956 
100 0.0008143750000000061 
200 0.002444966900000012 
300 0.006461968200000006 
400 0.008592500200000014 
500 0.010366702800000006 
600 0.013377647500000023 
700 0.017551599500000015 
800 0.023988550600000002 
900 0.02958755289999999 
1000 0.036083331400000015 
2000 0.18658232169999991 
3000 0.5070351303 
4000 1.0524670619999996 
5000 2.1057847404000007 
