1 0.00012861519999999294 
5 0.00010905130000000152 
10 0.00011060210000001236 
15 0.00012411789999998147 
20 0.0002514104000000017 
30 0.00029461289999999085 
40 0.00035391289999999186 
50 0.0002786043999999932 
60 0.0003254013 
70 0.00040948500000000945 
80 0.0004382971999999874 
100 0.0005572998000000107 
200 0.002004935599999991 
300 0.005062065300000013 
400 0.008194156299999995 
500 0.010498428400000015 
600 0.01290136209999997 
700 0.0172091129 
800 0.021528071599999987 
900 0.026351697799999997 
1000 0.033794414800000096 
2000 0.16754895320000002 
3000 0.5153008237999999 
4000 1.0287781649999996 
5000 2.310232983 
