1 7.77945000000002e-05 
5 7.042139999999253e-05 
10 8.360089999999154e-05 
15 7.971199999999845e-05 
20 0.00015042899999999636 
30 0.00019413080000000305 
40 0.00022918860000000762 
50 0.00025062809999999437 
60 0.0003185577000000106 
70 0.0005257518999999989 
80 0.000586869299999998 
100 0.0008344164999999903 
200 0.003019685899999991 
300 0.007471580099999997 
400 0.01104486960000003 
500 0.017312432100000007 
600 0.07292662079999997 
700 0.037098814000000015 
800 0.04831015459999995 
900 0.06660198559999993 
1000 0.09369391069999992 
2000 0.4616475022999997 
3000 1.2605990388999997 
4000 3.1185917304 
5000 5.458950970800005 
