1 0.00010937310000000422 
5 0.0001954479000000009 
10 0.00017183280000000468 
15 0.000199220799999994 
20 0.00044073269999999053 
30 0.001309195599999996 
40 0.00034681209999999906 
50 0.0005494325000000022 
60 0.0008443502000000047 
70 0.0007093025000000031 
80 0.000501108700000008 
100 0.0006080275999999996 
200 0.0018155167000000027 
300 0.004351538500000002 
400 0.009289880599999984 
500 0.010491609999999995 
600 0.012239875799999977 
700 0.016353027500000006 
800 0.0229977514 
900 0.026576149300000008 
1000 0.035107643800000046 
2000 0.17880657369999992 
3000 0.47473668429999993 
4000 1.0271166071000006 
5000 2.0510878938 
