1 0.00011151309999999914 
5 0.0002063622999999959 
10 0.0001057469000000033 
15 0.00011429010000000017 
20 0.0001464157000000077 
30 0.00016910039999999958 
40 0.0003496914999999934 
50 0.00027615329999999827 
60 0.00027057170000000517 
70 0.00030664269999999827 
80 0.0003810637000000061 
100 0.00045860659999999995 
200 0.0014854035999999847 
300 0.0035974239000000074 
400 0.006178642300000004 
500 0.008911069000000011 
600 0.00890185590000001 
700 0.011747490399999994 
800 0.016127950800000023 
900 0.02282899220000003 
1000 0.027270846899999944 
2000 0.13237545169999995 
3000 0.360343677 
4000 0.7423420473000002 
5000 1.5898558943999994 
