1 0.00010216610000000071 
5 0.00011136220000000085 
10 0.00013150569999999527 
15 0.00012416039999999518 
20 0.00017850000000000366 
30 0.0002683986000000138 
40 0.00030557029999999096 
50 0.00030411179999999537 
60 0.00032565520000000234 
70 0.0004005649 
80 0.0004080676999999977 
100 0.0005698172999999862 
200 0.001902283699999996 
300 0.004801266400000009 
400 0.007187143200000001 
500 0.009905596999999999 
600 0.012505374800000002 
700 0.01572176390000002 
800 0.022452781499999984 
900 0.025926187599999984 
1000 0.03666104199999998 
2000 0.1746039367 
3000 0.4872384875000001 
4000 1.0278487446 
5000 2.052828484 
