1 0.13935222300000305 0.05475809000000709
5 5.1332999987607764e-05 1.5909000012470642e-05
10 1.8674000045848516e-05 6.4899999756562465e-06
15 4.435900001453774e-05 1.3548999959311914e-05
20 3.216799996152986e-05 7.222000022011343e-06
30 2.1887999992031837e-05 1.06919999893762e-05
40 3.847899995435e-05 1.6078000044217333e-05
50 5.596700003707156e-05 3.789599998071935e-05
60 0.00011733900004173847 3.9147999984834314e-05
70 0.0011234849999937069 7.945699996980693e-05
100 0.0019847149999918656 0.00016893999998046638
200 0.0039297129999908975 0.004509038000037435
300 0.015475573000003351 0.0011295040000049994
400 0.024644227000010233 0.0024519140000052175
500 0.012849160000030224 0.0056400409999923795
600 0.008406455000056212 0.011516803999995773
700 0.011365694000005533 0.012262346999989404
800 0.013216855999985455 0.017901488999996218
900 0.01553805899999361 0.02546299799996632
1000 0.019073113000047215 0.03442827599997145
2000 0.06474819499999285 0.3022352529999921
3000 0.13983038599997144 0.9308541350000041
4000 0.25082487100002027 1.835126080000009
5000 0.45222148099998094 3.575112912999998
10000 1.8808295069999872 28.496592848000034
