1 0.1370167869999932 0.05397106100002702
5 5.905000000439031e-05 1.7635999995491147e-05
10 2.200700004095779e-05 6.0169999755999015e-06
15 2.007199998388387e-05 6.096999982219131e-06
20 4.161799995472393e-05 1.3270000010834337e-05
30 2.2333000003982306e-05 1.2111000046388654e-05
40 2.6730999991286808e-05 1.7834000004768313e-05
50 5.6152000013298675e-05 3.4654999979011336e-05
60 5.13129999717421e-05 3.9544999992813246e-05
70 0.0011246779999964929 7.424799997579612e-05
100 0.002147649999983514 0.00014384199999994962
200 0.004167068000015206 0.0043808449999573895
300 0.017939388000002054 0.001124785999991218
400 0.026012272999992092 0.0028101060000267353
500 0.013631524999993871 0.004404269000019667
600 0.008893283000020347 0.007613660999993499
700 0.011427359999970577 0.012441370000033203
800 0.013204173000019637 0.018407109999998283
900 0.015501389000007748 0.02523087999998097
1000 0.019364503000019795 0.03318401899997525
2000 0.06507603300002529 0.28029140600000346
3000 0.13901912000000038 0.9299885199999949
4000 0.2473495259999936 1.8478512019999584
5000 0.45435786799998823 3.6035223569999744
10000 1.8736437590000037 28.114447342000005
