1 0.1416527609999889 0.058090257000003476
5 5.27859999976954e-05 1.5859000001228196e-05
10 2.3419000001467793e-05 6.0929999960990244e-06
15 1.908199999434146e-05 5.883000000039829e-06
20 4.0479999995568505e-05 1.2130000015986298e-05
30 2.2102999992057448e-05 1.1663999998745567e-05
40 2.6641000005156457e-05 1.8538999995598715e-05
50 5.629300000009607e-05 3.4337000016648744e-05
60 5.283800001620875e-05 3.700099998127371e-05
70 0.001100008999998181 7.598499999517117e-05
100 0.0019569880000176454 0.0001253339999891523
200 0.004996785000003001 0.004596163000002207
300 0.016706978000001982 0.001194829000013442
400 0.02405714799999714 0.0028665749999845502
500 0.014163765000006379 0.005630415000013045
600 0.008123942999986866 0.008897280000013552
700 0.009908713000015723 0.013568440000000237
800 0.01389904600000591 0.01692815900000255
900 0.018262011999979677 0.02401134000001548
1000 0.019900876999997763 0.03409820999999624
2000 0.06505981399999428 0.29758440200001246
3000 0.14062644099999488 0.9294278600000041
4000 0.2511256850000052 1.8301409160000048
5000 0.45443046599999093 3.586078121000014
10000 1.880028794999987 32.40718236300003
