1 0.004782500000000134 0.0006496529999999723
5 0.005265166000000043 0.00033061499999997856
10 0.004511353999999912 0.00033214300000006247
15 0.004218917000000211 0.0004375089999999471
20 0.006278974999999853 0.00031652900000000983
30 0.004605226000000018 0.0005323319999999132
40 0.0040568510000000835 0.0005401809999998619
50 0.004720258999999949 0.00019287999999995087
60 0.0037467559999999622 0.0002519519999999442
70 0.0026087109999999303 0.00045872899999999106
100 0.0035502800000000168 0.00017554499999983264
200 0.004625044000000189 0.0006284199999999629
300 0.004219187999999985 0.00033978800000000753
400 0.0018819150000000118 0.0001808930000000153
500 0.0016537259999998 0.00018123600000019557
600 0.004870927999999886 0.0006146800000002006
700 0.005679038999999886 0.00037058199999995267
800 0.001872383000000033 0.0008284300000001021
900 0.003988569000000108 0.0002185569999999526
1000 0.0037504040000000405 0.00026467700000010197
2000 0.005174795999999926 0.00025533700000002213
3000 0.0034844210000000153 0.0005835770000000018
4000 0.004410837000000001 0.0014758839999999829
5000 0.0066090380000001225 0.0011168229999998225
10000 0.007039730000000022 0.0008514319999999298
