1 0.14980794499999206 0.05438125899999591
5 6.908400001748305e-05 1.927599998907681e-05
10 2.3248000019293613e-05 2.9286999989608375e-05
15 3.94230000040352e-05 1.1164000000007945e-05
20 3.487999998696978e-05 9.040000009008509e-06
30 5.875900001228729e-05 4.25179999865577e-05
40 7.238899999606474e-05 4.249200000572273e-05
50 4.9713000009887764e-05 3.308599997353667e-05
60 0.0001444620000086161 5.3769000004422196e-05
70 0.0010254710000197065 7.086799999456161e-05
100 0.001964564000019209 0.00013178499997934523
200 0.005921241999999438 0.004569005999996989
300 0.015780769000002692 0.0011436329999980899
400 0.02444231999999147 0.002879427000010537
500 0.01625139199998671 0.005262839000010899
600 0.008463737999989007 0.009384094000012055
700 0.01156632400000035 0.012136122000015348
800 0.012955416000011155 0.01834872800000653
900 0.015561915000006366 0.025293798999996397
1000 0.01976622399999428 0.033227872999987085
2000 0.06772813699998892 0.30204237600000283
3000 0.1414959720000013 0.9064154939999867
4000 0.25405355699999177 1.8538199610000277
5000 0.4510215030000211 3.5639327089999995
10000 1.8655151909999859 28.09354759300001
