1 0.00411708200000005 0.0008037889999998882
5 0.004350728999999998 0.0025029869999999566
10 0.005322408000000056 0.000560112000000057
15 0.005293659999999978 0.00028037300000005594
20 0.005698895999999953 0.00122610600000006
30 0.00483428000000008 0.0008075590000000687
40 0.007856802999999912 0.0006105519999999309
50 0.004347083000000085 0.000308922999999961
60 0.004784662000000051 0.00034544300000005634
70 0.004675160999999983 0.0009134289999999101
100 0.005000128000000048 0.0005602520000000943
200 0.0036873770000001027 0.0005887419999999199
300 0.006244358000000005 0.0007679810000000842
400 0.004812754999999891 0.001097603000000058
500 0.004570404000000083 0.0008816590000000346
600 0.006096470999999992 0.0004893649999999639
700 0.004894792000000203 0.0012040179999999179
800 0.005415277999999857 0.0005380100000000887
900 0.0057115759999999405 0.0008632309999998533
1000 0.004707401000000111 0.0013857600000000136
2000 0.007353355000000006 0.0005048690000000189
3000 0.005896936000000075 0.0011063300000000442
4000 0.006194503000000129 0.0012541559999998952
5000 0.006821458999999974 0.0008408850000001244
10000 0.006892585999999978 0.0023500210000000354
