1 0.10221022099999999 0.08476396400000397
5 0.003015455999999972 0.00016543199999574654
10 0.004782578000003923 0.0006967359999947575
15 0.0036703490000036254 0.00020412899999655565
20 0.003296796999997298 0.00033344900000287225
30 0.002201321000001144 0.000358869999999456
40 0.0022730319999979542 0.0001998609999986911
50 0.004099517000000219 0.00047854399999636144
60 0.0041033380000001785 0.00017958000000106722
70 0.004518974999996317 0.0001712200000056896
100 0.0038800320000049737 0.00018528199999678918
200 0.005367235999997888 0.00022268900000455005
300 0.003704740999999956 0.0002814319999941972
400 0.004352633000003436 0.0005763149999964412
500 0.005228082999998662 0.0005568549999992456
600 0.003833815000000129 0.0003201230000016153
700 0.004472780999996928 0.0004720640000002163
800 0.0031685169999988716 0.00022578600000144888
900 0.00487931800000041 0.00041050600000147597
1000 0.003778431000000637 0.00045843800000255897
2000 0.004159100999999055 0.0007986590000044202
3000 0.005474755999998138 0.000989181000001338
4000 0.005737681000006489 0.002090672999997878
5000 0.03869239200000152 0.002377029999998115
10000 0.0338256910000041 0.0009553889999978082
20000 0.010170131000002414 0.001288432000002615
50000 0.01438820500000304 0.004321587999996268
100000 0.020483839999997144 0.005905832000003386
500000 0.09918911599999802 0.030757796999999698
1000000 0.1924792469999943 0.06048529000000258
5000000 0.989024999999998 0.28802759199999883
10000000 2.0217904410000003 0.6271062409999999
20000000 5.762712747999998 1.4066762839999996
