1 0.14166473400000257 0.054397461999997176
5 5.19590000038761e-05 1.6297000001941342e-05
10 1.558299999260271e-05 5.778000002010231e-06
15 3.0477999999334315e-05 6.201999994459584e-06
20 2.656899999919915e-05 6.208000002061453e-06
30 2.9330000003824352e-05 1.0502999998607265e-05
40 4.451800000992989e-05 1.8597999996927683e-05
50 7.099700000878784e-05 4.2554999993171805e-05
60 0.00019509099999481805 5.183500000782715e-05
70 0.001019001999992497 8.121500000868309e-05
100 0.002145725999994852 0.00014771300000404608
200 0.005168170999994004 0.003948629000007031
300 0.01652153999999939 0.0015344959999907815
400 0.024020359999994412 0.0022445759999953907
500 0.014796036000007007 0.004325300999994397
600 0.008330537999995613 0.009182397000003562
700 0.011063114000009477 0.01191739200000086
800 0.013197814000008634 0.01884215799999822
900 0.01554401100000291 0.025305357999997113
1000 0.019543421999998145 0.033225829000002705
2000 0.06600087799999699 0.24021975399999462
3000 0.14152364500000658 0.909506277999995
4000 0.26725717200000076 1.8962957640000013
5000 0.4496259489999943 3.605971038000007
10000 1.8741959209999948 29.132690184000012
