1 0.11545147700000058 0.0765748749999986
5 0.0030927709999986064 0.0009304270000001225
10 0.0029212849999993296 0.00029335400000007894
15 0.0039786399999997 0.00017999199999962912
20 0.00216570300000285 0.0005678570000000605
30 0.00322330199999854 0.00024615899999957946
40 0.0031952249999989135 0.0009733710000006113
50 0.00257788500000089 0.0005495579999994504
60 0.0035067600000004973 0.00020188199999893186
70 0.004056957999999611 0.0003673239999990585
100 0.0048489160000002585 0.00022231300000186138
200 0.0024551969999997425 0.0006144000000034566
300 0.004996678000001253 0.0002097899999995434
400 0.003884464999998727 0.0005436779999996588
500 0.004212057000000158 0.00018865899999909175
600 0.004100277999999236 0.0004877080000014189
700 0.0063280030000001375 0.0003620749999981854
800 0.00392568400000215 0.0001988070000003006
900 0.003826466999999667 0.0006895760000027451
1000 0.0038752160000008473 0.0002849520000012262
2000 0.006091845000000262 0.0004267330000011782
3000 0.004303588999999164 0.0003599899999997547
4000 0.006723994999997984 0.0030546180000001755
5000 0.040526005000000254 0.002312608000000438
10000 0.0331557310000008 0.0008155789999975127
20000 0.008526467999999454 0.0014246339999992585
50000 0.012065637999999268 0.004105368999997694
100000 0.02153263099999947 0.006414042999999481
500000 0.10088335400000048 0.03169910700000145
1000000 0.19736397299999808 0.05701266700000218
5000000 0.9940991449999999 0.3027897789999976
10000000 2.0091481610000024 0.6765051
20000000 5.763780568000001 1.4246965609999975
