1 3.93770000000071e-05 1.2751999999949248e-05
5 3.386900000001969e-05 1.8244000000056104e-05
10 3.1470000000033416e-05 7.695999999945968e-06
15 3.489899999997714e-05 9.283999999998294e-06
20 3.885799999991946e-05 1.0172000000086001e-05
30 5.855199999993399e-05 3.259600000005136e-05
40 5.999499999997937e-05 2.7803000000048428e-05
50 8.156300000006222e-05 3.853499999995069e-05
60 7.058900000000978e-05 5.3569000000086575e-05
70 7.827300000007309e-05 0.00010704200000000164
100 0.0003739389999999343 0.00023655099999997375
200 0.0027896539999999748 0.0008000190000000407
300 0.002827966999999987 0.0017983499999999486
400 0.004713838000000026 0.0051509320000000525
500 0.00703333000000006 0.01085486899999999
600 0.011594653999999927 0.011928037000000002
700 0.01448828000000002 0.022732435999999967
800 0.014580898000000064 0.01737857499999995
900 0.016244034999999934 0.025194107999999993
1000 0.01898545600000001 0.033709680000000075
2000 0.06545947299999999 0.2823952799999999
3000 0.16721795700000008 1.0788093739999998
4000 0.27484594500000004 2.496821598
5000 0.5507895769999998 4.353418504
10000 1.8536000500000007 28.024616003999995
