1 0.14053887400001486 0.055186429999992015
5 6.496499997865612e-05 1.8289000024651614e-05
10 2.3209000005408598e-05 7.310000000870787e-06
15 4.262800001697542e-05 1.344899999367044e-05
20 2.0712000036837708e-05 6.9269999585230835e-06
30 2.111099996682242e-05 1.0857000006581075e-05
40 6.769099996972727e-05 2.304500003447174e-05
50 3.803500004551097e-05 2.7340999963598733e-05
60 4.333200001838122e-05 2.9687999983707414e-05
70 0.0010633819999839034 7.594699997071075e-05
100 0.0020095780000133345 0.00012626500000578744
200 0.004943206999996619 0.00541078800000605
300 0.014227500000004056 0.0011215499999934764
400 0.02564151500001799 0.0030635090000146192
500 0.015511075999995683 0.005611299999998209
600 0.008453265000014198 0.009094887999992807
700 0.010289644000010867 0.013167292999980873
800 0.014312399000004916 0.016884544999982154
900 0.01628314300000966 0.02566300799998089
1000 0.01989209999999275 0.03329950100004453
2000 0.06644548299999542 0.24236953300004416
3000 0.14896697599999698 0.9420599290000382
4000 0.24279472300003135 1.8740002419999655
5000 0.4491476690000127 3.558348446000025
10000 1.8661141510000334 29.36598398899997
