1 0.1503158419999977 0.05524747100000127
5 6.623400000194124e-05 1.8227999987630028e-05
10 2.3292000008723335e-05 7.041999992907222e-06
15 4.171899999505513e-05 1.3475999992351717e-05
20 1.978800000301817e-05 6.990999992240177e-06
30 2.072200001634883e-05 1.0973999991392702e-05
40 7.01279999759663e-05 2.4832000008245814e-05
50 3.447699998559983e-05 3.741099999388098e-05
60 9.503600000471124e-05 5.042399999410918e-05
70 0.0011874239999940528 0.00013994799999750285
100 0.0021415799999999763 0.00016928200000165816
200 0.006060472000001482 0.0043497679999973116
300 0.016568281999980172 0.0011395780000214017
400 0.024933916999998473 0.0022918690000039987
500 0.014665094000008594 0.004407263999979705
600 0.008414322000021457 0.00924813999998264
700 0.012127776999989237 0.012130868000014061
800 0.012942436000003 0.018006446999976333
900 0.01588470300001177 0.025308639999991556
1000 0.020644555999979275 0.033174088999999185
2000 0.0667262719999826 0.30248983500001714
3000 0.14728918000000135 0.9220923630000186
4000 0.2453311259999964 1.8430941990000065
5000 0.4721110950000025 3.545923858000009
10000 1.8623452920000148 28.03971832299999
