1 0.143464551000001 0.05541601100000548
5 5.25310000014656e-05 1.5896000000736876e-05
10 1.8552000000227054e-05 6.147999997097031e-06
15 1.804200000066203e-05 3.294500000095013e-05
20 4.748199999937697e-05 8.123999997167175e-06
30 4.170599999753222e-05 1.1446000002024448e-05
40 8.586399999899186e-05 2.511600000332237e-05
50 3.6978000004239675e-05 3.162999999517524e-05
60 6.056999999515256e-05 3.351700000564506e-05
70 0.0011305579999998372 7.759900000081643e-05
100 0.001969290999994655 0.00014978800000164938
200 0.00525577100000163 0.004607825000000787
300 0.01854505200000034 0.0011541240000028097
400 0.028804305999997837 0.0024384829999988256
500 0.01551254900000032 0.004464215000005822
600 0.00922644700000319 0.007776995999996927
700 0.01082375900000443 0.013957517000001474
800 0.014173398000004056 0.017674927000001617
900 0.015703285000000733 0.024514001000000007
1000 0.019463476999995066 0.03322922699999964
2000 0.06632802300000407 0.2971914130000002
3000 0.14398611600000066 0.9245411959999998
4000 0.2528347989999986 1.915211957000004
5000 0.4533973519999961 3.601793757000003
10000 1.8870559519999972 28.038166173000008
