1 0.10342904699999167 0.07829808600000376
5 0.0035108059999942043 0.0003205090000051314
10 0.0047072720000045365 0.0004495520000062925
15 0.0048652410000045165 0.0008456940000058921
20 0.004664488000003075 0.00042458000000067386
30 0.0034843640000019604 0.00021598600000061197
40 0.005043612999998004 0.0003507879999915531
50 0.004710728999995695 0.00034103100000493214
60 0.004282918000001246 0.000373559999999884
70 0.003441132000006064 0.0001720249999976886
100 0.003975038000007203 0.0008120359999992388
200 0.002672329000006357 0.0001744340000016109
300 0.004007968999999889 0.00018192000000283315
400 0.003773147999993398 0.0003363149999984216
500 0.005620447999987732 0.0005244809999993549
600 0.0030753190000041286 0.000583234999993465
700 0.0035293539999941004 0.0001971669999960568
800 0.003782183000012651 0.00019581499999787866
900 0.005624738999998158 0.00020336199999348992
1000 0.0042169059999963565 0.0002070639999942614
2000 0.004829076999996573 0.0005005699999998114
3000 0.004581271000006382 0.0008922479999995403
4000 0.0063423599999907765 0.0023376569999982166
5000 0.03958200399999612 0.002264134000000695
10000 0.03384117499999206 0.0008977700000087907
20000 0.007399393000000032 0.001261645999989014
50000 0.01534593600000278 0.002940370999994002
100000 0.02256435099999976 0.0060189980000018295
500000 0.1014844149999874 0.02987112400001024
1000000 0.19608896300000822 0.05651653299999282
5000000 0.9995925319999941 0.3022587360000131
10000000 2.0341653870000016 0.6337862320000056
20000000 5.712766043000002 1.381225784999998
