1 0.09234726699999385 0.06213902300000029
5 0.0028739170000022796 0.00016881099999466187
10 0.005248786999999311 0.00023512300000305686
15 0.003925581000004286 0.00022422499999663614
20 0.0018226870000006556 0.0003947170000060396
30 0.0036856680000028064 0.0001671380000018985
40 0.0024855309999978203 0.0008340589999988879
50 0.005060826000004681 0.0001726140000002374
60 0.00424604199999834 0.00017266799999759996
70 0.004000363999999479 0.0001728259999964621
100 0.002795056000003626 0.0011974339999980543
200 0.003800678000004609 0.0005833760000015786
300 0.00468137400000046 0.00036797199999938357
400 0.003971405000001482 0.000210344000002749
500 0.005342009999999675 0.0002863829999952827
600 0.0038632040000052825 0.0005431899999948087
700 0.003228235999998219 0.0002023219999998105
800 0.004176842999996211 0.00041723900000079084
900 0.004987155999998549 0.0002110410000000229
1000 0.004048249000000226 0.000312420999996732
2000 0.004201679000004788 0.0006437349999970365
3000 0.005196274999995865 0.0008730220000003897
4000 0.005529414999998039 0.002037651999998502
5000 0.05161948299999608 0.004250624000000869
10000 0.0369480330000016 0.0008155830000049491
20000 0.007497509000003788 0.0014835029999957783
50000 0.020407964000000334 0.0045681589999944094
100000 0.02861678899999731 0.00797958200000437
500000 0.10060795399999733 0.030929548999999668
1000000 0.19652158200000258 0.05995066399999871
5000000 0.9779251689999953 0.31622454100000397
10000000 2.0131649379999956 0.6473402880000023
20000000 5.838425006000001 1.3920317729999994
