1 0.09107489800000224 0.06271204200000113
5 0.002504258000001869 0.00016246100000216757
10 0.003678669999999329 0.0002616189999997687
15 0.0032050899999944704 0.00024775199999282904
20 0.002529874000003929 0.0007645660000008547
30 0.0024820429999863336 0.000199753000003966
40 0.003700410000007537 0.0006362789999911911
50 0.0026118079999974952 0.0001672909999967942
60 0.004120280000009302 0.0008122339999943051
70 0.003208180000001448 0.00016801600000349026
100 0.00503231599999765 0.00017091400000879275
200 0.0038940790000054903 0.0003466689999953587
300 0.004763635000003319 0.00036420899999711764
400 0.004834887000001231 0.0003985230000012052
500 0.005613865000000828 0.0005496139999934258
600 0.006388392000005183 0.0003324469999910207
700 0.006119873999992365 0.0003292239999979074
800 0.0048252870000027315 0.0004041970000088213
900 0.006954477999997266 0.0007430250000055594
1000 0.004862478999996256 0.0007353019999953858
2000 0.005016135999994731 0.000923299000007205
3000 0.0071019880000022795 0.0009519529999977294
4000 0.00708654899999317 0.0029509619999998904
5000 0.052245308999999907 0.0031700389999969047
10000 0.03946152199999631 0.0009185050000013462
20000 0.008264457999999308 0.0018758869999970784
50000 0.012125101000009408 0.0039566969999924595
100000 0.02089353300000596 0.0062242389999909165
500000 0.10116791200000819 0.03220162799999571
1000000 0.19697248600000705 0.0613770020000004
5000000 0.9850590169999975 0.29954777899999385
10000000 2.0167482920000026 0.6274065599999972
20000000 5.771328033000003 1.3841954119999968
