1 0.10882273900000428 0.07572680399999854
5 0.002921830999994768 0.00019798499999978958
10 0.004242230999992103 0.00033862400000828075
15 0.002040520000008428 0.0005433999999979733
20 0.002967468999997891 0.0001670050000086576
30 0.0036120740000029627 0.0002601690000005874
40 0.0028591049999988627 0.0003286510000037879
50 0.003590626000004704 0.0003856870000049639
60 0.0042053490000029115 0.00035760900000525453
70 0.00459645000000819 0.00021220799999355222
100 0.004948264999995899 0.00035427900000684076
200 0.0037462460000057263 0.000178531999992515
300 0.005645529999995347 0.0008775560000060523
400 0.0030615099999948825 0.00020388600000842416
500 0.005096234999996341 0.00020296700000699275
600 0.004082191999998486 0.0008276969999911898
700 0.00300427400000558 0.00042286599999386
800 0.005175849000011112 0.0004051569999887761
900 0.0032421449999873175 0.00020303400000898364
1000 0.0037350919999994403 0.0002117049999981191
2000 0.004143643999995561 0.00023986800000841413
3000 0.0055639690000077735 0.00063138699999854
4000 0.005418118000008576 0.0024054029999973636
5000 0.0393299159999998 0.0023170120000060024
10000 0.03310385300000007 0.0008689759999924718
20000 0.009251052999999843 0.0012484340000042948
50000 0.013694585999999731 0.002906842000001575
100000 0.02257781299999806 0.006187707000009368
500000 0.10111471099999392 0.030009700999997335
1000000 0.19229957299999967 0.057320101000001955
5000000 0.988983066000003 0.31106259400000624
10000000 2.0115787969999985 0.6608226440000067
20000000 5.740872218000007 1.3868948169999982
