1 0.0018240290000000048 0.00019502199999998915
5 0.0036286119999999755 0.0003117400000000048
10 0.0037279710000001076 0.00033945699999993195
15 0.0035014549999999867 0.000311598000000024
20 0.004231340000000028 0.00040858599999993306
30 0.003614904999999946 0.00025452100000000755
40 0.004045917999999982 0.0006971879999999597
50 0.00427335800000006 0.0006264209999999881
60 0.004263394000000087 0.00023847999999992986
70 0.0036985990000000246 0.00035091700000000614
100 0.004229374000000008 0.0008210919999999122
200 0.004999158000000059 0.0003099129999999395
300 0.003986823999999944 0.00028140600000003957
400 0.004079456000000037 0.0001991550000000064
500 0.003809873999999991 0.0010843839999999938
600 0.004980037000000048 0.00031776399999994265
700 0.0026216409999999524 0.00020724199999999637
800 0.004147431000000035 0.00038728799999998564
900 0.002858931000000009 0.0016196539999999704
1000 0.0035861860000000467 0.0002492769999999922
2000 0.004464724999999947 0.0008388550000000272
3000 0.005284212000000066 0.0009541229999999734
4000 0.005771425000000052 0.00032310699999993364
5000 0.0051076740000000065 0.0005776150000000868
10000 0.00857445900000009 0.0007733929999999001
