1 0.0035414600000001073 0.0004489830000000694
5 0.002825646000000015 0.0004174290000000802
10 0.0035208579999999046 0.000308076000000046
15 0.004451665999999799 0.000181028000000083
20 0.003698497000000023 0.00018934100000000953
30 0.0034218219999999633 0.00041727499999999473
40 0.0031861950000000583 0.0001879209999999798
50 0.004972081000000017 0.0002710160000001238
60 0.0026079249999999554 0.0002232730000000238
70 0.003043632999999879 0.0005099699999999707
100 0.0031128119999999093 0.0004184769999999727
200 0.004796255999999888 0.00018323300000000486
300 0.003947931999999987 0.0005318720000000443
400 0.0029183760000000003 0.0001905600000000618
500 0.003741231999999872 0.0004636390000001267
600 0.0051943490000001535 0.0007860109999999754
700 0.004590419999999984 0.0005657090000001919
800 0.0036768499999999538 0.00043650999999989004
900 0.0056523109999999654 0.0008391469999999845
1000 0.002678138999999913 0.0002534270000000838
2000 0.00479412300000015 0.00043544900000003217
3000 0.00668779400000008 0.0005220059999999638
4000 0.004598985999999972 0.0006145339999998889
5000 0.004901658999999947 0.0013944649999999559
10000 0.009044107000000023 0.0009102519999999448
