1 0.0038196630000000287 0.0012296149999999617
5 0.004388564999999955 0.002434287000000035
10 0.005861767999999934 0.00040776000000009027
15 0.004020418999999942 0.00030971600000007093
20 0.008097672000000111 0.0003354839999998305
30 0.0042606370000000116 0.0010312799999998568
40 0.007811250999999908 0.0010057789999999844
50 0.006021738999999915 0.0016618080000001534
60 0.007899818000000058 0.000763615999999967
70 0.008278200999999985 0.0006810710000000331
100 0.010140881000000102 0.0010279319999999537
200 0.005360793000000141 0.0003837959999999363
300 0.004997050999999919 0.00037793299999999697
400 0.008789385000000038 0.00061810299999987
500 0.03225310300000017 0.0023377279999998724
600 0.006118224999999811 0.002092253000000044
700 0.005624319000000044 0.0004225209999999535
800 0.008290751000000096 0.00044054300000007096
900 0.006121196999999912 0.0011142340000001028
1000 0.009051826999999957 0.0033858140000000425
2000 0.005800076999999959 0.0007251310000000455
3000 0.008491433999999964 0.0009516739999999579
4000 0.021915111999999848 0.002534272999999976
5000 0.012217238999999935 0.01904450599999996
10000 0.00568907800000007 0.0015794719999999707
