1 0.09198405899999784 0.06109959999999859
5 0.002580831999999589 0.00016922400000396465
10 0.004000341000001129 0.0003301719999981856
15 0.00344589599999523 0.000249108000005549
20 0.0027194679999951177 0.0003685000000004379
30 0.005068145999999274 0.0002517120000007367
40 0.0037154620000023897 0.00029541899999685484
50 0.0021278349999960255 0.0004799260000041272
60 0.0035936199999966334 0.0001931740000031823
70 0.004208171999998456 0.0007242639999986977
100 0.0025248359999991976 0.000659284999997567
200 0.0033619109999989405 0.000197765999999433
300 0.003788473000000181 0.00074944400000021
400 0.005170116000002167 0.0002837299999995935
500 0.0032032869999980562 0.0006238410000065642
600 0.003664370999999278 0.00019405100000113862
700 0.00421228800000506 0.000548674999997445
800 0.004130975999999009 0.0009177029999989372
900 0.0031421219999998584 0.00020157999999526055
1000 0.004063191000000188 0.00023065000000599412
2000 0.005568535999998403 0.0002629059999961214
3000 0.00433905399999901 0.0007211850000032882
4000 0.006910794999996028 0.003346248000006824
5000 0.03794554099999914 0.0023825009999995928
10000 0.03263396199999846 0.0008155869999981746
20000 0.008420515000004514 0.001510625999998183
50000 0.012186650000003851 0.0039200840000006565
100000 0.02987842900000004 0.01079247600000599
500000 0.11288276500000194 0.038131191999994485
1000000 0.18984155399999736 0.05737541599999929
5000000 0.9752197259999988 0.3162924299999972
10000000 2.0366488370000013 0.6350860329999932
20000000 5.73412111399999 1.3842151940000065
