1 0.004848245000000029 0.00045420200000001465
5 0.005176717000000108 0.0012164099999998346
10 0.007727629999999985 0.000406131999999948
15 0.004699132999999911 0.000431942000000074
20 0.006228604999999998 0.00030519100000003796
30 0.0048649769999999926 0.0004069799999999457
40 0.004440165000000107 0.0004453879999999355
50 0.006629999999999914 0.0010123520000000497
60 0.004653543000000093 0.0011380249999999315
70 0.0065049329999999905 0.000744100999999997
100 0.003857789999999861 0.0008289710000000117
200 0.006557939000000124 0.0002309529999999782
300 0.005263943999999965 0.00042218499999990833
400 0.005187361000000168 0.0005118599999998086
500 0.00470573299999999 0.0005181880000000305
600 0.005072323999999906 0.00043956100000008824
700 0.010583156000000038 0.0008723769999998687
800 0.005861560000000043 0.00020658299999998242
900 0.00789850599999986 0.00038869300000010654
1000 0.009849870000000038 0.00038124699999997347
2000 0.003336664999999961 0.0008655840000000303
3000 0.004444459000000123 0.0013006999999998214
4000 0.004655150999999913 0.0007275589999999887
5000 0.005416968999999883 0.0004014290000000642
10000 0.010033055000000068 0.001136060999999966
