1 0.003565500999999971 0.0005976840000000427
5 0.005061812999999971 0.00017581499999996808
10 0.005372153999999907 0.00042983200000001887
15 0.0041036779999999995 0.00020750499999999672
20 0.0018605360000000237 0.0001721149999999172
30 0.004921565999999933 0.0005239970000000538
40 0.0033705699999999617 0.00018454599999995214
50 0.00614339499999994 0.0005204250000000465
60 0.005097043999999995 0.00032965900000003767
70 0.004608646999999966 0.0007096800000000458
100 0.004309791000000063 0.0005045149999999277
200 0.005315230999999976 0.00024815899999997004
300 0.004324546999999956 0.0007908599999999488
400 0.004940880000000036 0.0001893149999999677
500 0.00588881199999991 0.00029551400000005223
600 0.004694250000000011 0.0006648820000000333
700 0.004592942000000044 0.0008485809999999594
800 0.005381602000000041 0.00024078399999993838
900 0.004244928999999953 0.00032770400000003974
1000 0.004763269999999986 0.0005561609999999995
2000 0.006953752000000035 0.0009139989999999987
3000 0.006813257000000017 0.0005853880000000755
4000 0.006228653999999945 0.0009612250000001765
5000 0.00811164200000003 0.000783634000000033
10000 0.008722149999999873 0.0017280450000001224
