1 0.0029686560000001805 0.00036835899999987376
5 0.0029484719999999243 0.00030045400000000555
10 0.003150678000000129 0.00031050499999984993
15 0.003706568999999993 0.000325273999999931
20 0.003060440000000053 0.0003198759999998302
30 0.004848449999999893 0.0008783530000000539
40 0.0032275580000000748 0.00032787800000000367
50 0.0029731700000001915 0.0003243529999998884
60 0.005905515000000028 0.0010331519999999816
70 0.002984933000000023 0.0003377159999999879
100 0.0037439059999999635 0.000333571000000088
200 0.00507364999999993 0.00031862900000012573
300 0.003950314000000121 0.00034023999999988064
400 0.0029479139999999404 0.0003523770000000148
500 0.0037003550000000995 0.000303807999999961
600 0.005326522999999916 0.0003410290000001037
700 0.0052581970000000755 0.0002919850000000501
800 0.002844296000000135 0.00020361499999999033
900 0.00477798500000004 0.00032857100000005524
1000 0.004373123000000145 0.0007068429999999015
2000 0.0033345809999998366 0.00024412100000015258
3000 0.004461399999999838 0.0008454560000001887
4000 0.006679091999999942 0.0009111269999999561
5000 0.004948289999999966 0.0009689109999999612
10000 0.007795078000000011 0.000958646000000174
