1 0.10986941900000602 0.07490434300000004
5 0.005642895999997677 0.0006354150000049685
10 0.006697015000000306 0.0003581059999930858
15 0.004685238999996955 0.0005626800000015919
20 0.0040170389999900635 0.00047622900000021673
30 0.005045808999994961 0.00032227699999509696
40 0.0030102679999970405 0.0003917639999997391
50 0.003867884000001709 0.00035820200000102886
60 0.005774486000007073 0.0008803860000057284
70 0.0036357660000021497 0.00047440499999140684
100 0.005229826000004323 0.0003909379999953444
200 0.003602661000002172 0.0012788150000062615
300 0.00402800199999831 0.00024075599999662245
400 0.004569676000002687 0.0003204599999975244
500 0.004613793999993732 0.00038696400000048925
600 0.004078439000011258 0.000371578999988742
700 0.0027550410000003467 0.0006885800000020481
800 0.0035143429999919817 0.0002589520000100265
900 0.004573606999997537 0.0003478739999991376
1000 0.004328151999999363 0.0005536750000061375
2000 0.003918060999993145 0.00023399400001267168
3000 0.004415221000002134 0.0013606769999938706
4000 0.008617121000000338 0.0021166709999960176
5000 0.03812414600000125 0.002375263999994104
10000 0.03315642199999047 0.000952111000003697
20000 0.00899855400000149 0.0013660740000034366
50000 0.013587499999999864 0.0029296369999940453
100000 0.01988599500000987 0.006671845999989046
500000 0.10244756299999835 0.028526579000001107
1000000 0.19181236299999682 0.06264004700000214
5000000 0.9855893099999946 0.28779726599999833
10000000 2.0373174519999964 0.6741266020000012
20000000 5.720192083000001 1.3969617930000027
