1 0.003564555999999941 0.00026761900000005223
5 0.003475769999999989 0.00031020599999997955
10 0.0031360120000000213 0.0008450740000000012
15 0.004202386999999974 0.00043980900000006873
20 0.001807485000000053 0.0005885270000000054
30 0.004511576000000073 0.0005177039999999522
40 0.004324191000000033 0.0001926070000000113
50 0.0036032510000000295 0.00024218999999991997
60 0.002469052000000027 0.0008981700000000314
70 0.0023583969999999566 0.00017762300000001563
100 0.0035758299999999466 0.00031995299999998394
200 0.004805658999999962 0.00022242000000005646
300 0.002484737999999931 0.0006158480000000299
400 0.004594661000000055 0.00044806399999997026
500 0.003211724000000027 0.0014664699999999975
600 0.0033633410000000197 0.0001966450000000508
700 0.004168681999999979 0.0006413550000000656
800 0.005038107000000069 0.0002756720000000046
900 0.005684101999999913 0.0002069860000000201
1000 0.003981777999999991 0.0006826770000000204
2000 0.005271784000000057 0.00029233500000003243
3000 0.0055841259999999115 0.0002793580000000073
4000 0.0048101790000000255 0.0011389539999999698
5000 0.00527446999999992 0.0014356540000000084
10000 0.005645989000000018 0.0014022719999999822
