1 0.14212557900000888 0.05553997699999513
5 6.850299999427989e-05 1.7693000003760062e-05
10 2.3957999999879576e-05 7.15200000911409e-06
15 4.258399999912399e-05 1.3178000003222223e-05
20 1.9824999995421422e-05 6.729000006089336e-06
30 2.0869000010748096e-05 1.1166999996703453e-05
40 0.0001265899999935982 2.7724000005946436e-05
50 5.075400000009722e-05 2.864700000770881e-05
60 5.136300001140626e-05 3.163299999187075e-05
70 0.0011490529999917953 7.768400000429665e-05
100 0.0024705329999932246 0.00019948000000624688
200 0.006947029999992083 0.0045400810000018055
300 0.017783299000001307 0.0011451149999999188
400 0.024645356999997148 0.0029080599999957712
500 0.014809743000000708 0.004667881000003149
600 0.007922992999993994 0.009004015000002141
700 0.011334848000004172 0.012778229000005581
800 0.014254863000005003 0.018271076999994307
900 0.01742136299999686 0.027590735000003974
1000 0.019297164000008138 0.033647905999998784
2000 0.06512940499999331 0.3003229790000006
3000 0.14411853199999314 0.8891011919999983
4000 0.24377140500000394 1.8157117020000015
5000 0.44775638199999435 3.5642330600000065
10000 1.8789247749999873 28.020977958000003
