1 0.005348595999999928 0.0005044360000000525
5 0.004855611999999954 0.0005432600000000454
10 0.003863364999999952 0.00020344699999996774
15 0.002231763999999914 0.00016917600000010413
20 0.003910618000000032 0.00039172200000003876
30 0.00459775699999998 0.0004900869999999724
40 0.0038963260000000055 0.00023239100000005397
50 0.002751002999999974 0.00025115200000003224
60 0.0016331370000000067 0.00016749199999999131
70 0.0038589289999999554 0.0002728020000000164
100 0.004991513000000003 0.00018018899999994176
200 0.0038245249999999675 0.00023162899999995545
300 0.0037083589999999944 0.0002751349999999819
400 0.004054286000000018 0.00042537600000003284
500 0.004831239000000043 0.0001930789999999849
600 0.004524801999999939 0.0005360630000000866
700 0.004123194000000052 0.00022383399999992282
800 0.0054390039999999695 0.0005053459999999621
900 0.002908495000000011 0.0002034530000000201
1000 0.0037053249999999816 0.0008295000000000385
2000 0.0069908370000000275 0.0008687879999998982
3000 0.0039471819999999935 0.0003339629999999927
4000 0.004182169000000013 0.00034573300000007023
5000 0.005582187999999988 0.0010384329999999498
10000 0.0059709640000000785 0.0009678490000000206
