1 0.093481538999999 0.06451403300000003
5 0.002889523000000338 0.00016844599999998877
10 0.00387929099999873 0.00017923100000061254
15 0.0024328300000000525 0.0007708849999996659
20 0.002619611000000077 0.00029492800000063824
30 0.004969965000000798 0.00020085799999947085
40 0.0026095309999991656 0.0008114390000013572
50 0.0033306489999986866 0.0001716460000000808
60 0.004394494999999665 0.00021002600000130656
70 0.004851076999999648 0.00019463299999955552
100 0.003977004999999423 0.00017631200000067793
200 0.0036552249999992625 0.00017646100000057174
300 0.0039003179999994586 0.00045936299999915775
400 0.0037938580000016486 0.0006063419999993158
500 0.0031819479999999345 0.0004759429999996456
600 0.0028845040000007316 0.00019090400000010277
700 0.0042570239999992765 0.0002601500000007917
800 0.0053762820000002876 0.00020029800000109788
900 0.004639532000000557 0.00022963999999880969
1000 0.004589478999999841 0.00039090500000149575
2000 0.007164331000000246 0.0005505179999989451
3000 0.0057638579999998996 0.0006676750000007559
4000 0.01135398799999976 0.0028078130000004364
5000 0.045241602000000825 0.0027066290000004045
10000 0.0450772740000005 0.0009034180000000447
20000 0.008061529000000789 0.0014792999999997392
50000 0.013275433000000447 0.0029696399999998846
100000 0.024957439999999664 0.006463364000000027
500000 0.10516769699999884 0.0283792190000014
1000000 0.19388468600000053 0.05947693599999937
5000000 1.0131522650000004 0.2949805199999993
10000000 2.009426552999999 0.6355009759999994
20000000 5.778171903999997 1.4085498660000013
