1 0.002474898999999975 0.00027871899999998284
5 0.003459238000000031 0.000296797999999987
10 0.0052320339999999965 0.00035132500000001343
15 0.0024188669999999912 0.0002596759999999865
20 0.0021523999999999988 0.000257256000000039
30 0.002192831000000006 0.0003225020000000023
40 0.0046490750000000025 0.0003497789999999945
50 0.003175305999999989 0.0004932119999999651
60 0.0038956589999999958 0.0003197960000000388
70 0.004518917000000011 0.0009666580000000091
100 0.0039061929999999467 0.00042085800000002394
200 0.004547807000000015 0.00027630299999997776
300 0.004488849000000017 0.00023398299999999317
400 0.006162276000000022 0.00036565399999999304
500 0.004368383000000031 0.0005231809999999837
600 0.003938290000000011 0.0005164799999999858
700 0.006738811999999983 0.0002064350000000048
800 0.004127429000000016 0.0002746539999999853
900 0.004020858999999988 0.00044950700000001564
1000 0.006038442000000033 0.0004388730000000063
2000 0.004040990999999994 0.0009597000000000078
3000 0.004846921999999976 0.0010262610000000283
4000 0.006247561000000013 0.0003291049999999962
5000 0.005287680000000017 0.0007735979999999865
10000 0.007068969000000036 0.0016885959999999867
20000 0.008845211999999991 0.0015160670000000098
50000 0.015631638000000003 0.003721670999999982
100000 0.02405649799999998 0.007285021000000058
500000 0.10824787999999996 0.030895682000000035
1000000 0.18814418899999996 0.056772400000000056
5000000 1.132283348 0.348737775
10000000 2.037564014 0.6498481150000002
20000000 5.844246479000001 1.4800712309999984
