1 0.04567176199998357 24
5 1.8629000010150776e-05 600
10 6.012999961058085e-06 2400
15 6.1920000007376075e-06 5400
20 5.7869999636750435e-06 9600
30 9.69900003155999e-06 21600
40 1.1366000023826928e-05 38400
50 1.7663999983597023e-05 60000
60 2.4887999984457565e-05 86400
70 7.733299997880749e-05 117600
100 6.996100000833394e-05 240000
200 0.0017331710000121348 960000
300 0.0032506370000078277 2160000
400 0.006809711000016705 3840000
500 0.01228726499999766 6000000
600 0.010879905999956918 8640000
700 0.014385481000033451 11760000
800 0.020170491999977003 15360000
900 0.032449958999961837 19440000
1000 0.04919477100003178 24000000
2000 0.29398809999997866 96000000
3000 0.8467125519999854 216000000
4000 1.9756180290000316 384000000
5000 4.769994770000039 600000000
10000 33.810604953999984 2400000000
