1 0.06026191699999117 24
5 2.8842999995504215e-05 600
10 2.1601000014470628e-05 2400
15 1.2698999995564009e-05 5400
20 1.1935999992829238e-05 9600
30 1.8779999976459294e-05 21600
40 2.292299998885028e-05 38400
50 4.584100000215585e-05 60000
60 8.787099997675796e-05 86400
70 0.0017618850000076236 117600
100 0.0001778730000125961 240000
200 0.0021251360000178465 960000
300 0.0035913210000160234 2160000
400 0.011782330000016827 3840000
500 0.012548317000010911 6000000
600 0.009337880999993331 8640000
700 0.016783172000003788 11760000
800 0.022414560000015626 15360000
900 0.02950475800000163 19440000
1000 0.039409357000010914 24000000
2000 0.26127434600002175 96000000
3000 1.154220682000016 216000000
4000 2.0405051790000073 384000000
5000 3.9325769369999932 600000000
10000 31.606017237999993 2400000000
