1 0.04130871300000649 24
5 1.8423000000211687e-05 600
10 7.12400000679736e-06 2400
15 6.312000010666452e-06 5400
20 6.632999998146261e-06 9600
30 1.2075000000777436e-05 21600
40 1.3075999987677278e-05 38400
50 1.9801000007646508e-05 60000
60 3.655099999377853e-05 86400
70 8.032400000956841e-05 117600
100 0.00014891099999658763 240000
200 0.0017169749999936812 960000
300 0.0028552219999937734 2160000
400 0.007685293999998066 3840000
500 0.013609654999982013 6000000
600 0.009030225000003611 8640000
700 0.014132369999998673 11760000
800 0.019244233000023314 15360000
900 0.02872596699998553 19440000
1000 0.03646824400001947 24000000
2000 0.259935793000011 96000000
3000 1.0877458930000046 216000000
4000 2.5943433170000105 384000000
5000 4.357618113000001 600000000
10000 31.26965654 2400000000
