1 0.014751668000002383 6
5 0.0001467329999940148 150
10 9.67009999968127e-05 600
15 0.00014468699999525825 1350
20 0.00012833399999578887 2400
30 0.0001872670000011567 5400
40 0.00015261200000082908 9600
50 0.00024228999999564849 15000
60 0.00030991700000271294 21600
70 0.00039535500000198454 29400
80 0.0007184949999938794 38400
100 0.001083397999998681 60000
200 0.0027617510000013112 240000
300 0.006657268999994415 540000
400 0.005666517000001647 960000
500 0.011301395000003822 1500000
600 0.025483774000001347 2160000
700 0.04144190200000253 2940000
800 0.05910783399999531 3840000
900 0.05696743000000026 4860000
1000 0.053935338999998805 6000000
2000 0.2235027679999959 24000000
3000 0.7123889080000012 54000000
4000 1.6594817809999967 96000000
5000 2.9650744099999997 150000000
