1 0.010749209000003646 8
5 0.00014764099999808877 200
10 7.872399999797608e-05 800
15 9.310699999787175e-05 1800
20 0.00012151100000323822 3200
30 0.00014191800000418198 7200
40 0.00016241199999456057 12800
50 0.00026487999999602607 20000
60 0.00032107599999875447 28800
70 0.0003588800000002834 39200
80 0.0003692010000051482 51200
100 0.000532680999995705 80000
200 0.0028678939999977615 320000
300 0.006267331000003651 720000
400 0.008286179999998922 1280000
500 0.017086009999999874 2000000
600 0.011301505999995243 2880000
700 0.04417851100000547 3920000
800 0.032317565999996134 5120000
900 0.04228006499999992 6480000
1000 0.03772647899999981 8000000
2000 0.2105275500000019 32000000
3000 0.7763270330000012 72000000
4000 1.6547033780000007 128000000
5000 2.533639665999999 200000000
