1 0.01455912299999973 6
5 0.00021050600000016573 150
10 8.4281999999547e-05 600
15 0.00011917000000138955 1350
20 0.0001945499999997935 2400
30 0.0002130459999989398 5400
40 0.00026637100000037606 9600
50 0.00037454299999950535 15000
60 0.00040641600000057565 21600
70 0.0018158420000009556 29400
80 0.0005688189999997206 38400
100 0.0006483460000001884 60000
200 0.0024938800000011696 240000
300 0.00684808099999934 540000
400 0.00926735100000009 960000
500 0.011890421000000373 1500000
600 0.01765957699999987 2160000
700 0.02686369899999974 2940000
800 0.03375728199999983 3840000
900 0.040650697000000235 4860000
1000 0.06603227999999994 6000000
2000 0.3382081830000008 24000000
3000 0.8008932260000012 54000000
4000 1.5969816920000017 96000000
5000 3.1103362829999988 150000000
