1 0.01718136000000925 16
5 0.00014933299999597693 400
10 0.0002038640000137093 1600
15 0.00015370899998856657 3600
20 0.0001228240000017422 6400
30 8.671400000537233e-05 14400
40 8.928299999411138e-05 25600
50 0.00041201500000909164 40000
60 0.0006769000000019787 57600
70 0.004455991000000381 78400
80 0.00237719999999797 102400
100 0.004022681999998667 160000
200 0.008247398999998268 640000
300 0.022053270999990104 1440000
400 0.029122284999999692 2560000
500 0.03435692700000459 4000000
600 0.06364374499999315 5760000
700 0.05284727799998734 7840000
800 0.0860380199999895 10240000
900 0.10289050400000121 12960000
1000 0.13719873499999835 16000000
2000 0.8173671600000034 64000000
3000 2.555885117999992 144000000
4000 6.957596699999996 256000000
5000 12.874530999000001 400000000
