1 0.010354375999998666 8
5 0.00015413999999935868 200
10 0.0003222799999988979 800
15 0.00024076799999761533 1800
20 0.00016837800000146785 3200
30 0.0002160369999977263 7200
40 0.00030377799999925514 12800
50 0.00032639100000153576 20000
60 0.00030928099999982805 28800
70 0.0006329680000014548 39200
80 0.007847935999997446 51200
100 0.0016016890000010164 80000
200 0.0030018900000001736 320000
300 0.011214436999999577 720000
400 0.01194191899999808 1280000
500 0.01840160999999796 2000000
600 0.018726175000001177 2880000
700 0.016802314000003093 3920000
800 0.022643916999999902 5120000
900 0.03258367699999809 6480000
1000 0.03370269300000217 8000000
2000 0.20022086400000205 32000000
3000 0.6208368190000009 72000000
4000 1.3823920560000005 128000000
5000 2.992950528999998 200000000
