1 0.00020678599999990332 16
5 0.0011312420000000323 400
10 0.004412239999999956 1600
15 0.00011107599999993223 3600
20 0.00023584300000001335 6400
30 0.00019655799999995782 14400
40 0.00024325299999994332 25600
50 0.0002561199999999708 40000
60 0.0007368440000000698 57600
70 0.0014278899999999872 78400
80 0.0031701979999999574 102400
100 0.0022318889999999314 160000
200 0.00425762399999996 640000
300 0.025197738000000025 1440000
400 0.018808849999999988 2560000
500 0.033414626 4000000
600 0.04596929100000002 5760000
700 0.07646113499999996 7840000
800 0.11727207600000011 10240000
900 0.21338337499999982 12960000
1000 0.1888029149999999 16000000
2000 1.361315094 64000000
3000 2.9114895670000003 144000000
4000 5.622976294999999 256000000
5000 11.102566879000001 400000000
