1 0.016484001999998554 16
5 0.00014199099999956388 400
10 0.00011915500000014845 1600
15 9.104000000093038e-05 3600
20 0.0009831580000003726 6400
30 0.0004063979999990863 14400
40 0.000599563000001524 25600
50 0.00036378499999756286 40000
60 0.010791360999999 57600
70 0.016101549999998355 78400
80 0.002798505999997758 102400
100 0.00242518299999972 160000
200 0.012696118999997452 640000
300 0.027087477999998555 1440000
400 0.012036526000002823 2560000
500 0.03265344599999764 4000000
600 0.028436726999998996 5760000
700 0.04146107700000101 7840000
800 0.0557165640000008 10240000
900 0.07466611799999967 12960000
1000 0.09995197399999967 16000000
2000 0.6234486299999986 64000000
3000 1.4894910330000002 144000000
4000 3.3410450879999978 256000000
5000 5.418869870000002 400000000
