1 0.015264231999999822 6
5 0.000184245999999888 150
10 0.008457719999999114 600
15 0.008475725999996797 1350
20 0.004896494000000473 2400
30 0.013718641000000531 5400
40 0.03013842700000069 9600
50 0.006906608999997843 15000
60 0.008206955999998655 21600
70 0.0036056689999988123 29400
80 0.001307538000002495 38400
100 0.000883287000000621 60000
200 0.006613133999998411 240000
300 0.0306417099999976 540000
400 0.01076142900000221 960000
500 0.010648882000001691 1500000
600 0.014679256000000862 2160000
700 0.022248523999998326 2940000
800 0.026831704000002787 3840000
900 0.035140982000001486 4860000
1000 0.051422966000000514 6000000
2000 0.3343756380000009 24000000
3000 0.8424737990000004 54000000
4000 2.084780993999999 96000000
5000 2.907467508 150000000
