1 0.009840388000000644 8
5 0.00012640799999985575 200
10 7.820999999808009e-05 800
15 9.796800000572148e-05 1800
20 0.00015394199999718694 3200
30 0.00025763300000392064 7200
40 0.00018510199998900134 12800
50 0.00025335200000142777 20000
60 0.000918126000001962 28800
70 0.0019264329999941765 39200
80 0.0005932759999893733 51200
100 0.0006388219999990952 80000
200 0.002823128000002839 320000
300 0.013300903000001085 720000
400 0.00712028099999884 1280000
500 0.01431394100001171 2000000
600 0.01491245599999047 2880000
700 0.030833117000000243 3920000
800 0.036935902999999826 5120000
900 0.06059532199999751 6480000
1000 0.060453326000001084 8000000
2000 0.47673171499999967 32000000
3000 1.2726036359999995 72000000
4000 2.6548615549999965 128000000
5000 5.1979020969999965 200000000
