1 0.012164669000000572 6
5 0.00017416800000091825 150
10 0.0001756149999998513 600
15 0.0002503269999998281 1350
20 0.0004181419999973457 2400
30 0.000261384999998171 5400
40 0.00020029299999890782 9600
50 0.00024061399999908417 15000
60 0.00037606300000092574 21600
70 0.0006033889999983444 29400
80 0.0014489660000016613 38400
100 0.0009147540000000731 60000
200 0.0029700239999996825 240000
300 0.006402909000001955 540000
400 0.007122053999999878 960000
500 0.009455834000000607 1500000
600 0.015676116999998158 2160000
700 0.020724756999999983 2940000
800 0.02813301299999793 3840000
900 0.03508494000000084 4860000
1000 0.043248397999999355 6000000
2000 0.2559182559999975 24000000
3000 0.9079220660000011 54000000
4000 1.4586899580000008 96000000
5000 3.0470334329999957 150000000
