1 0.008023852000007992 8
5 9.712199999967197e-05 200
10 5.34899999991012e-05 800
15 0.00025884800001563235 1800
20 0.0002115990000106649 3200
30 0.0001788959999942108 7200
40 0.00025066499998160907 12800
50 0.001444544999998243 20000
60 0.0009735219999811306 28800
70 0.0006597649999946498 39200
80 0.0014694189999886476 51200
100 0.0013757639999880666 80000
200 0.015581923000013376 320000
300 0.018935201999994433 720000
400 0.027936158999978034 1280000
500 0.04357924100000332 2000000
600 0.07232062599999267 2880000
700 0.056664965999999595 3920000
800 0.07541263999999614 5120000
900 0.10442951100000641 6480000
1000 0.18303061800000364 8000000
2000 0.9692862910000031 32000000
3000 2.6570133929999997 72000000
4000 6.62275321300001 128000000
5000 11.96189794899999 200000000
