1 0.011741536999998914 6
5 0.00013466000000050826 150
10 0.00019656600000317326 600
15 9.255999999879805e-05 1350
20 0.00010616700000198875 2400
30 0.00019220100000083562 5400
40 0.0001699899999998422 9600
50 0.00019692500000090263 15000
60 0.00033754900000104726 21600
70 0.0004191780000013523 29400
80 0.00042452400000314583 38400
100 0.0006082730000009917 60000
200 0.0051023540000016965 240000
300 0.007389182999997246 540000
400 0.008491942999999225 960000
500 0.01395557000000025 1500000
600 0.015733257000000833 2160000
700 0.0425645579999987 2940000
800 0.05761664799999977 3840000
900 0.044295204999997395 4860000
1000 0.05444002399999803 6000000
2000 0.2674117940000009 24000000
3000 0.718268921 54000000
4000 1.6696136260000003 96000000
5000 2.9163312299999973 150000000
