1 0.009515644000003931 8
5 9.329499999921609e-05 200
10 9.613000000285865e-05 800
15 0.0003429739999916137 1800
20 0.0006485959999906754 3200
30 0.00022863699999220444 7200
40 0.00025643499999716823 12800
50 0.00197109500000181 20000
60 0.0011673859999916658 28800
70 0.002067897000003427 39200
80 0.0018803840000032324 51200
100 0.0009132010000030277 80000
200 0.007277724000005037 320000
300 0.02407920699999977 720000
400 0.03937624900000003 1280000
500 0.047708089000011 2000000
600 0.09765235800000482 2880000
700 0.07827984300000423 3920000
800 0.08471904000001018 5120000
900 0.17565031600000225 6480000
1000 0.1561220330000026 8000000
2000 0.9893164800000136 32000000
3000 3.4396810050000113 72000000
4000 6.500170183000009 128000000
5000 13.800963148999998 200000000
