1 0.012841942000001438 6
5 0.00015801199999998516 150
10 0.00013024999999800002 600
15 0.00012273099999760007 1350
20 0.00023115100000126176 2400
30 0.00017379199999822958 5400
40 0.00021340700000394008 9600
50 0.00024832099999372304 15000
60 0.0002409469999946623 21600
70 0.0003639150000012137 29400
80 0.0005317199999979039 38400
100 0.001158642999996573 60000
200 0.002465129000000843 240000
300 0.008880052999998611 540000
400 0.006168603000006101 960000
500 0.009558555000005242 1500000
600 0.01529468100000031 2160000
700 0.022766367999999204 2940000
800 0.025946504000003756 3840000
900 0.043248681999997984 4860000
1000 0.07529816399999589 6000000
2000 0.29812327600000543 24000000
3000 0.8989845599999953 54000000
4000 1.5070504380000003 96000000
5000 2.995149310000002 150000000
