1 0.027871170000004497 16
5 0.00010949500000378976 400
10 9.5639999997843e-05 1600
15 0.00013735599999620263 3600
20 0.0001512610000062864 6400
30 0.00019785899999646972 14400
40 0.00016504499999570044 25600
50 0.014730132000003948 40000
60 0.005764677000001939 57600
70 0.0009078989999977694 78400
80 0.0011916819999981954 102400
100 0.001550774999998339 160000
200 0.009486871999996538 640000
300 0.031172322999999835 1440000
400 0.036493174999996825 2560000
500 0.08496869900000092 4000000
600 0.10884908100000246 5760000
700 0.04556517000000326 7840000
800 0.0820155600000021 10240000
900 0.123704373999999 12960000
1000 0.1426741519999979 16000000
2000 1.1246598549999973 64000000
3000 3.8417980400000005 144000000
4000 6.621943379999998 256000000
5000 11.130185479000005 400000000
