1 0.018752743999996824 16
5 0.0001115689999977576 400
10 6.214599999054826e-05 1600
15 6.647499999701267e-05 3600
20 0.0001266710000038529 6400
30 0.00015543199999967783 14400
40 0.00012876499999947555 25600
50 0.00018323400000497259 40000
60 0.0005339329999998199 57600
70 0.0009318959999973231 78400
80 0.0016711950000001252 102400
100 0.0007963589999917531 160000
200 0.00565546100000347 640000
300 0.015892472999993856 1440000
400 0.008144698999998923 2560000
500 0.03188497799999368 4000000
600 0.02199723999999037 5760000
700 0.04034790299999713 7840000
800 0.05267729999999915 10240000
900 0.08548614699999746 12960000
1000 0.07962373499999842 16000000
2000 0.49040048599999864 64000000
3000 1.4745164929999959 144000000
4000 3.263816793999993 256000000
5000 5.889624361000003 400000000
