1 0.00965441099999964 8
5 0.00012356599999918672 200
10 8.635999999739852e-05 800
15 0.00010138900000100648 1800
20 0.0001246590000008041 3200
30 0.00017463300000031268 7200
40 0.0001697829999969258 12800
50 0.00019541500000030965 20000
60 0.0004048369999978263 28800
70 0.0004030249999971147 39200
80 0.0008615489999996839 51200
100 0.0008843369999951278 80000
200 0.0031665710000012837 320000
300 0.008365838000003123 720000
400 0.006731285999997283 1280000
500 0.0113559309999971 2000000
600 0.015381712999996466 2880000
700 0.017888499000001445 3920000
800 0.03349367300000239 5120000
900 0.04088251499999984 6480000
1000 0.04531504700000255 8000000
2000 0.23420858800000133 32000000
3000 0.7142152629999998 72000000
4000 1.4933387769999982 128000000
5000 3.0591850570000005 200000000
