1 0.04700445399998898 16
5 0.01668091899998103 400
10 0.013748018999990563 1600
15 0.00016070699999204408 3600
20 0.00022524099998122438 6400
30 0.00018073900000104004 14400
40 0.00034729399999378074 25600
50 0.000534050999988267 40000
60 0.0006588969999938854 57600
70 0.016015600000002905 78400
80 0.0023989680000227054 102400
100 0.001613031000005094 160000
200 0.019888330000014776 640000
300 0.03416679800000111 1440000
400 0.03413588500001197 2560000
500 0.04914323999997805 4000000
600 0.07538652799999568 5760000
700 0.06377956899999049 7840000
800 0.08572876200000223 10240000
900 0.17527760100000478 12960000
1000 0.1595298830000047 16000000
2000 0.8196924289999856 64000000
3000 2.5227562820000173 144000000
4000 5.847267549000009 256000000
5000 10.069890079000004 400000000
