1 0.00019766700000001247 24
5 0.00010003000000002871 600
10 7.773599999993941e-05 2400
15 8.65189999998961e-05 5400
20 0.00017202600000010282 9600
30 0.00014876400000007894 21600
40 0.00021319799999997002 38400
50 0.00025558199999997644 60000
60 0.0003398389999998974 86400
70 0.0005722879999999764 117600
80 0.0005473139999999654 153600
100 0.0006254449999999467 240000
200 0.004538058999999928 960000
300 0.010568982999999976 2160000
400 0.013612729000000101 3840000
500 0.020443451 6000000
600 0.028638841000000026 8640000
700 0.04430445599999999 11760000
800 0.05877871499999998 15360000
900 0.0784480019999999 19440000
1000 0.103334971 24000000
2000 0.5952674659999999 96000000
3000 1.699519812 216000000
4000 3.8175289599999997 384000000
5000 5.931372323000001 600000000
