1 0.020608225999993124 24
5 0.00012944300000583553 600
10 6.0739000005582966e-05 2400
15 7.57130000010875e-05 5400
20 9.062200000187204e-05 9600
30 0.00017101799998897604 21600
40 0.013352531999998973 38400
50 0.0022400500000117063 60000
60 0.0005700360000133742 86400
70 0.003040622000000326 117600
80 0.0027730130000094277 153600
100 0.001809999000002449 240000
200 0.006863633000008917 960000
300 0.01214777600000616 2160000
400 0.019852417000009837 3840000
500 0.015587138000000778 6000000
600 0.031739307000009376 8640000
700 0.047251926000001276 11760000
800 0.05550118099999679 15360000
900 0.0698340160000015 19440000
1000 0.15396238800001072 24000000
2000 0.8521302030000015 96000000
3000 2.230440188000003 216000000
4000 4.553398358999999 384000000
5000 5.768730961000003 600000000
