1 0.020229104999998526 24
5 0.00016564999999957308 600
10 0.00010116500000378892 2400
15 0.00011707000000171774 5400
20 0.00019448400000499078 9600
30 0.0001879830000035554 21600
40 0.0002296589999986054 38400
50 0.00027415800001051593 60000
60 0.0005077830000033146 86400
70 0.0006077120000043124 117600
80 0.0011129020000026912 153600
100 0.0014991669999915302 240000
200 0.0033401490000102285 960000
300 0.00980007699999419 2160000
400 0.013603450000005068 3840000
500 0.02267688300000259 6000000
600 0.03635235899999145 8640000
700 0.0511704390000034 11760000
800 0.05643570099999806 15360000
900 0.10796526699999731 19440000
1000 0.10777517399999681 24000000
2000 0.6157653150000044 96000000
3000 1.420526159000005 216000000
4000 3.8293845419999997 384000000
5000 7.096592126000004 600000000
