1 0.00023924899999999694 16
5 0.0001263750000000119 400
10 7.959699999998682e-05 1600
15 0.0001034449999999798 3600
20 0.0002766880000000249 6400
30 0.0002375840000000129 14400
40 0.0004842369999999985 25600
50 0.00030235300000003296 40000
60 0.0006125269999999738 57600
70 0.000934396000000004 78400
80 0.0012340379999999929 102400
100 0.0013774389999999803 160000
200 0.004101518999999998 640000
300 0.008071107999999994 1440000
400 0.013848745999999967 2560000
500 0.020850603999999995 4000000
600 0.030050341999999952 5760000
700 0.08625291699999998 7840000
800 0.07327570499999991 10240000
900 0.07539154800000003 12960000
1000 0.0957322169999999 16000000
2000 0.6186943640000001 64000000
3000 1.607683775 144000000
4000 3.882490914 256000000
5000 5.816948397 400000000
