1 0.013252726000001047 24
5 0.00011072199999873078 600
10 5.928099999863434e-05 2400
15 7.931300000052488e-05 5400
20 0.0001272380000010287 9600
30 0.00015972399999952813 21600
40 0.00021876500000139742 38400
50 0.00020473300000034556 60000
60 0.0003315959999987683 86400
70 0.0003788229999983628 117600
80 0.00047383800000133647 153600
100 0.0007651610000003473 240000
200 0.0030054479999996886 960000
300 0.009094954000000044 2160000
400 0.008005780999999601 3840000
500 0.016762446999999625 6000000
600 0.036646958000000396 8640000
700 0.0349528389999989 11760000
800 0.037487356000001526 15360000
900 0.07354037699999871 19440000
1000 0.09195761999999874 24000000
2000 0.6170120829999988 96000000
3000 1.5043361280000003 216000000
4000 3.759723747999999 384000000
5000 5.630311868 600000000
