1 0.013567519000005746 16
5 0.00014795699999581302 400
10 8.530200000222976e-05 1600
15 8.588499999007126e-05 3600
20 0.00013579299999832983 6400
30 0.00018787599999825488 14400
40 0.00019648900000390768 25600
50 0.00020911100000375882 40000
60 0.00030272100001127455 57600
70 0.0011541909999976951 78400
80 0.001591118000007441 102400
100 0.0010734130000003006 160000
200 0.006469955000000027 640000
300 0.012466462999995542 1440000
400 0.016951195000004304 2560000
500 0.02351938099999984 4000000
600 0.025378720999995608 5760000
700 0.04360461199999577 7840000
800 0.05820005400001094 10240000
900 0.066730390999993 12960000
1000 0.07271953499999029 16000000
2000 0.5016743989999952 64000000
3000 1.490395368999998 144000000
4000 3.4936899130000114 256000000
5000 5.900062570999992 400000000
