1 0.023898503000001625 16
5 0.00014547899999861613 400
10 8.891800000121464e-05 1600
15 8.26179999986465e-05 3600
20 0.010184658000000013 6400
30 0.0031561860000000053 14400
40 0.0002705709999997197 25600
50 0.00020082800000054135 40000
60 0.0003179349999999914 57600
70 0.002257611000000992 78400
80 0.002301478999999773 102400
100 0.0032856300000005945 160000
200 0.010121419999999048 640000
300 0.02500569600000091 1440000
400 0.012076881000000483 2560000
500 0.02453204000000042 4000000
600 0.021548530000000454 5760000
700 0.04492736199999925 7840000
800 0.04902681099999917 10240000
900 0.09716875700000038 12960000
1000 0.14468346000000132 16000000
2000 1.472794264000001 64000000
3000 1.930280991 144000000
4000 4.888435990999998 256000000
5000 5.428524102999997 400000000
