1 0.017879576999995095 24
5 0.00014553099999403685 600
10 8.511799999411096e-05 2400
15 9.477100000054861e-05 5400
20 0.002888226999999688 9600
30 0.0002480420000026129 21600
40 0.0004161170000003267 38400
50 0.00034459999999825186 60000
60 0.0005334169999997584 86400
70 0.001773630000002413 117600
80 0.0010630989999995677 153600
100 0.0009363349999986781 240000
200 0.0041226830000056225 960000
300 0.009828640000002054 2160000
400 0.013224248000000216 3840000
500 0.025411812000001532 6000000
600 0.02181748099999936 8640000
700 0.032830267999997886 11760000
800 0.03670587500000266 15360000
900 0.06341820000000098 19440000
1000 0.09289121799999833 24000000
2000 0.5923181699999986 96000000
3000 1.4715012770000016 216000000
4000 3.5372305650000015 384000000
5000 9.130096705999996 600000000
