1 0.012611992000003625 24
5 0.00012054999999122629 600
10 4.732099999671391e-05 2400
15 5.260799999007304e-05 5400
20 9.966099999303424e-05 9600
30 0.0002785100000011198 21600
40 0.00014384699998970518 38400
50 0.0003402239999985568 60000
60 0.00029701200000431527 86400
70 0.0004669870000100218 117600
80 0.0006652559999906771 153600
100 0.0013618409999907044 240000
200 0.0038617250000072545 960000
300 0.0058211020000129565 2160000
400 0.012943934000006152 3840000
500 0.013434480999990228 6000000
600 0.029682297000007907 8640000
700 0.09445528000000536 11760000
800 0.0647917220000096 15360000
900 0.0797643340000036 19440000
1000 0.09954312300000367 24000000
2000 0.6610761480000065 96000000
3000 1.4095413199999882 216000000
4000 3.767801392999999 384000000
5000 5.643217204999999 600000000
