1 0.01298709599999981 6
5 0.0001779420000005416 150
10 0.003269601999999594 600
15 0.00021508399999969896 1350
20 0.0002749800000003688 2400
30 0.00037199899999951214 5400
40 0.00040142499999973325 9600
50 0.00040920899999985494 15000
60 0.008889328000000418 21600
70 0.0030127889999995716 29400
80 0.01438093099999982 38400
100 0.006965791999999915 60000
200 0.02897039800000023 240000
300 0.01837468799999975 540000
400 0.026594001999999506 960000
500 0.013223361999999739 1500000
600 0.0233541620000004 2160000
700 0.0341399710000001 2940000
800 0.04352047400000014 3840000
900 0.05862692100000011 4860000
1000 0.06773571299999936 6000000
2000 0.3561359470000003 24000000
3000 0.7913572219999994 54000000
4000 1.4959730849999993 96000000
5000 3.1853615699999995 150000000
