1 0.013990417000002253 6
5 0.0003155710000015688 150
10 0.0002940620000018157 600
15 0.00014411699999783423 1350
20 0.0004923039999980006 2400
30 0.00017913399999969215 5400
40 0.000617389999995055 9600
50 0.0007806890000026101 15000
60 0.0006930029999949738 21600
70 0.0008133850000007214 29400
80 0.0008579130000043733 38400
100 0.0012166799999988598 60000
200 0.003532567000000597 240000
300 0.008021509999998955 540000
400 0.01239705900000132 960000
500 0.01368321500000036 1500000
600 0.01646555199999966 2160000
700 0.03415437900000029 2940000
800 0.06370713900000169 3840000
900 0.0696525899999969 4860000
1000 0.043980244000003665 6000000
2000 0.22538963099999876 24000000
3000 0.8832273089999987 54000000
4000 1.4690799449999972 96000000
5000 2.9452130099999962 150000000
