1 0.011757149000000133 6
5 0.00014516400000008645 150
10 0.0001172799999995533 600
15 9.171900000026767e-05 1350
20 0.00010934700000042596 2400
30 0.0001469470000001749 5400
40 0.00011183000000070109 9600
50 0.0002189220000001768 15000
60 0.00030198099999978467 21600
70 0.00034369199999950695 29400
80 0.00036952199999973345 38400
100 0.0010245779999999982 60000
200 0.003364769000000045 240000
300 0.007256815999999944 540000
400 0.007317387999999703 960000
500 0.012480539000000235 1500000
600 0.016620565000000198 2160000
700 0.02118601699999978 2940000
800 0.03834242599999982 3840000
900 0.04618679100000023 4860000
1000 0.06536141299999976 6000000
2000 0.2311066300000002 24000000
3000 0.6795220869999987 54000000
4000 1.8493862399999994 96000000
5000 2.7804939420000014 150000000
