1 0.01792375999999507 16
5 0.00014111600000177305 400
10 8.21220000020162e-05 1600
15 8.268799999910925e-05 3600
20 0.00014938599999680946 6400
30 0.00024095599999895967 14400
40 0.00030401499999754833 25600
50 0.0002757210000012833 40000
60 0.00030179300000554576 57600
70 0.0012824260000030563 78400
80 0.0016525369999982331 102400
100 0.00153771500000488 160000
200 0.006480850000002647 640000
300 0.016395793999997466 1440000
400 0.010885626000003867 2560000
500 0.0327645099999998 4000000
600 0.021484073000003434 5760000
700 0.03659556000000208 7840000
800 0.05560222300000106 10240000
900 0.08828371199999907 12960000
1000 0.08878019899999856 16000000
2000 0.536729520999998 64000000
3000 2.088746533999995 144000000
4000 4.769377302000002 256000000
5000 5.548147311000001 400000000
