1 0.014912297000002184 24
5 0.00013370300000303814 600
10 8.165199999865536e-05 2400
15 0.00010196499999892694 5400
20 0.00029776899999944817 9600
30 0.0002792060000018637 21600
40 0.0003826119999956745 38400
50 0.0002880109999949809 60000
60 0.000809623000002091 86400
70 0.000582362000002945 117600
80 0.0008969960000015931 153600
100 0.0017985690000017485 240000
200 0.0038235310000018785 960000
300 0.008616252999999574 2160000
400 0.010450444999996478 3840000
500 0.02491614600000247 6000000
600 0.02252444300000178 8640000
700 0.032525629999994976 11760000
800 0.05288429499999836 15360000
900 0.06554127499999396 19440000
1000 0.08769013799999925 24000000
2000 0.5626585019999979 96000000
3000 1.364671143999999 216000000
4000 3.5694544710000002 384000000
5000 5.693125570999996 600000000
