1 0.01873435900000686 16
5 0.00018208300001276712 400
10 0.00010559400000431651 1600
15 9.362900000553509e-05 3600
20 0.0010532609999955866 6400
30 0.0002988230000084968 14400
40 0.00037379800001247077 25600
50 0.000496972000007645 40000
60 0.0004399250000091115 57600
70 0.008451635999989549 78400
80 0.0024877959999969335 102400
100 0.0020187549999945986 160000
200 0.008006819999991421 640000
300 0.01752231999999765 1440000
400 0.008680885000003968 2560000
500 0.027923188000002597 4000000
600 0.023330194999999776 5760000
700 0.05315670000000239 7840000
800 0.05130462200000352 10240000
900 0.05781450799999277 12960000
1000 0.07541452700000661 16000000
2000 0.49300966600000606 64000000
3000 1.464321437999999 144000000
4000 3.3043112409999935 256000000
5000 5.913208951000001 400000000
