1 0.015815357000008134 16
5 7.969700001808633e-05 400
10 3.88230000112344e-05 1600
15 3.774699999326003e-05 3600
20 7.63470000038069e-05 6400
30 0.00011750900000606634 14400
40 0.00017443500001945722 25600
50 0.0003779470000040419 40000
60 0.00040866399999117675 57600
70 0.00038172699998995085 78400
80 0.0012203940000006241 102400
100 0.0010425619999807623 160000
200 0.007987235999991071 640000
300 0.01750909099999376 1440000
400 0.02152730800000313 2560000
500 0.0733518480000157 4000000
600 0.09573843600000487 5760000
700 0.06030456299998832 7840000
800 0.12544256099999984 10240000
900 0.12932735999999068 12960000
1000 0.1471976189999964 16000000
2000 1.0306654150000156 64000000
3000 2.8396024909999937 144000000
4000 6.5682635189999985 256000000
5000 13.415090179000003 400000000
