1 0.006661190999999844 8
5 0.00023920499999996458 200
10 0.008976469000000042 800
15 0.0010325589999999885 1800
20 0.00200873800000001 3200
30 0.00031401600000013907 7200
40 0.00030708400000012404 12800
50 0.001679395000000028 20000
60 0.0014058470000000156 28800
70 0.0006816999999998963 39200
80 0.08030638199999984 51200
100 0.013463655000000019 80000
200 0.03317060399999994 320000
300 0.02674820500000008 720000
400 0.08806673400000009 1280000
500 0.08067438399999993 2000000
600 0.08268051300000012 2880000
700 0.12388592199999993 3920000
800 0.090677334 5120000
900 0.22137354700000023 6480000
1000 0.19930469400000028 8000000
2000 0.9606230830000002 32000000
3000 2.3491584260000002 72000000
4000 4.504916955999999 128000000
5000 6.399372271000001 200000000
