1 0.016091230000000678 24
5 0.0001241370000002462 600
10 4.8208000009708485e-05 2400
15 5.277200000364246e-05 5400
20 0.00015796399999601363 9600
30 0.00015691800000183775 21600
40 0.00018372799999610834 38400
50 0.00027802800001097694 60000
60 0.000389034000008337 86400
70 0.0006185179999960155 117600
80 0.0007308200000011311 153600
100 0.0014548009999941769 240000
200 0.004468389999999545 960000
300 0.006013448000004473 2160000
400 0.013865346000002887 3840000
500 0.02638064399999962 6000000
600 0.041367778999997995 8640000
700 0.03933647799999562 11760000
800 0.03765423999999484 15360000
900 0.05294716100000585 19440000
1000 0.07890916099999856 24000000
2000 0.5562844929999926 96000000
3000 1.5231039410000022 216000000
4000 3.135177231 384000000
5000 5.68159863999999 600000000
