1 0.015331729999999766 8
5 0.00015528000000131215 200
10 0.00017562300000406594 800
15 0.00012262500000304044 1800
20 0.00014112400000243497 3200
30 0.00012160499999680496 7200
40 0.00016821100000186107 12800
50 0.0004114779999966345 20000
60 0.00029276299999736466 28800
70 0.00042901199999789696 39200
80 0.004055195000006506 51200
100 0.0009207329999938452 80000
200 0.0064682149999981675 320000
300 0.006416028000003848 720000
400 0.024291301000005205 1280000
500 0.01391036800000478 2000000
600 0.02420948399999645 2880000
700 0.034328217999998856 3920000
800 0.0549079780000028 5120000
900 0.09084973600000268 6480000
1000 0.08822647000000217 8000000
2000 0.5429044149999953 32000000
3000 1.3742244970000002 72000000
4000 2.7689027850000016 128000000
5000 4.462698637000003 200000000
