1 0.014579033000000408 8
5 0.0003971669999991434 200
10 0.00018478399999821704 800
15 0.00018435299999808308 1800
20 6.647499999701267e-05 3200
30 0.0011417500000021619 7200
40 0.00017456099999790808 12800
50 0.0005134450000028323 20000
60 0.0005955389999989791 28800
70 0.0004541820000021346 39200
80 0.001408917999999204 51200
100 0.0012513309999988564 80000
200 0.005484320000000764 320000
300 0.017447130000000755 720000
400 0.023898817999999267 1280000
500 0.03667367599999949 2000000
600 0.07661041400000101 2880000
700 0.0658552599999993 3920000
800 0.08570416399999914 5120000
900 0.13807520900000014 6480000
1000 0.17071487000000118 8000000
2000 1.0742874180000008 32000000
3000 3.287902454000001 72000000
4000 7.075611878999997 128000000
5000 12.036014054999995 200000000
