1 0.009470992999998984 8
5 0.00016137200000088114 200
10 0.0005814799999992459 800
15 0.0005002479999998144 1800
20 0.00030830500000078587 3200
30 0.000647224999999807 7200
40 0.0006533630000014057 12800
50 0.0003309019999999663 20000
60 0.0005477190000000576 28800
70 0.0034729469999987828 39200
80 0.0008897569999994914 51200
100 0.0009259529999994243 80000
200 0.004834665999998933 320000
300 0.01750388299999983 720000
400 0.009937121000000104 1280000
500 0.014471513999998464 2000000
600 0.016430613000000704 2880000
700 0.02197846400000003 3920000
800 0.023140935000000695 5120000
900 0.032688634000001215 6480000
1000 0.03337289600000126 8000000
2000 0.21186456400000075 32000000
3000 0.608345207000001 72000000
4000 1.3638063640000002 128000000
5000 3.0350748250000006 200000000
