1 0.020904214999994508 16
5 0.00013155599999947754 400
10 8.567499999401207e-05 1600
15 8.354700000268167e-05 3600
20 0.0001100730000018757 6400
30 0.00011299299999478762 14400
40 0.00022269499999794107 25600
50 0.0002042349999982207 40000
60 0.0002789919999983681 57600
70 0.0009750999999980081 78400
80 0.001646384000004275 102400
100 0.0007971830000030877 160000
200 0.006573600999999485 640000
300 0.01433276100000569 1440000
400 0.008343979000002832 2560000
500 0.024981874999994602 4000000
600 0.03318176399999828 5760000
700 0.03564469899999523 7840000
800 0.0379556050000005 10240000
900 0.051495385999999144 12960000
1000 0.07442304500000319 16000000
2000 0.46602775500000604 64000000
3000 1.468489360999996 144000000
4000 3.328609979999996 256000000
5000 5.923275493999995 400000000
