1 0.01332760599999716 24
5 0.00014572499999587762 600
10 0.00011351699999551101 2400
15 0.00010556300000530427 5400
20 0.00021888500000244449 9600
30 0.00011731399999348469 21600
40 0.00014000200000197083 38400
50 0.00034818999999686184 60000
60 0.0012556409999930906 86400
70 0.000666571999992982 117600
80 0.000714782999999386 153600
100 0.0008411120000033634 240000
200 0.0032942320000017844 960000
300 0.008407561000005614 2160000
400 0.010870799999999292 3840000
500 0.014075820000002182 6000000
600 0.021951549999997155 8640000
700 0.027620648000002745 11760000
800 0.044379863000003184 15360000
900 0.05192318299999954 19440000
1000 0.12450893299999422 24000000
2000 0.6114140950000007 96000000
3000 1.4253548649999956 216000000
4000 3.7303619519999955 384000000
5000 5.668403773000001 600000000
