1 0.00024206200000009837 6
5 0.00011763700000000377 150
10 0.00015030199999999105 600
15 0.0001524040000000504 1350
20 0.00016823799999998723 2400
30 0.000186750999999985 5400
40 0.00020810800000004015 9600
50 0.00027149800000003665 15000
60 0.00026310100000004333 21600
70 0.0005905489999999958 29400
80 0.0005897310000000378 38400
100 0.0007110249999999763 60000
200 0.0022103829999999824 240000
300 0.022062758999999987 540000
400 0.015740672000000067 960000
500 0.017285849999999936 1500000
600 0.021734748999999942 2160000
700 0.028394122999999993 2940000
800 0.044994716000000046 3840000
900 0.054892932000000116 4860000
1000 0.0726302889999999 6000000
2000 0.38532658500000005 24000000
3000 0.7294675959999999 54000000
4000 1.497202036 96000000
5000 2.831250425 150000000
