1 0.028292722999992748 16
5 0.000161453999993455 400
10 0.00012328999997635037 1600
15 0.0004924150000249483 3600
20 0.00012736299999005496 6400
30 0.0002567530000021634 14400
40 0.014123955000002297 25600
50 0.0015112080000108108 40000
60 0.0005249020000235305 57600
70 0.0003041200000097888 78400
80 0.0009682619999864528 102400
100 0.0011400159999936932 160000
200 0.012548319999979185 640000
300 0.022908786999977337 1440000
400 0.02972509899998954 2560000
500 0.05685923299998308 4000000
600 0.08240602000000763 5760000
700 0.06299178000000438 7840000
800 0.07054840999998646 10240000
900 0.0977640899999983 12960000
1000 0.13238071999998624 16000000
2000 1.0021796370000118 64000000
3000 3.316300805999987 144000000
4000 6.055454556000001 256000000
5000 10.47622260899999 400000000
