1 0.00044077499999994885 16
5 0.00021529499999994872 400
10 7.392400000000299e-05 1600
15 7.572000000000134e-05 3600
20 0.0005325580000000163 6400
30 0.00027202000000003945 14400
40 0.00022658100000000347 25600
50 0.00027999400000000563 40000
60 0.0004731609999999997 57600
70 0.0012856239999999852 78400
80 0.0007295479999999688 102400
100 0.0008926409999999718 160000
200 0.00771635100000001 640000
300 0.006772516000000006 1440000
400 0.014237517000000033 2560000
500 0.020862744000000044 4000000
600 0.021803563000000026 5760000
700 0.032370670000000046 7840000
800 0.041793479999999994 10240000
900 0.05661081899999998 12960000
1000 0.07424967999999998 16000000
2000 0.584249901 64000000
3000 1.5561231229999999 144000000
4000 3.2321160860000004 256000000
5000 6.617195751000001 400000000
