1 0.012681649000001016 6
5 0.0001550519999966582 150
10 0.0001407159999970986 600
15 0.00014570500000132824 1350
20 0.00041758400000446727 2400
30 0.00020683799999687835 5400
40 0.00019233399999762923 9600
50 0.0002984369999978753 15000
60 0.0002506539999984625 21600
70 0.0011192989999955216 29400
80 0.0009073180000029879 38400
100 0.0023455919999975094 60000
200 0.0031360259999999585 240000
300 0.010876414999998474 540000
400 0.010934007000003021 960000
500 0.012746517000003621 1500000
600 0.018341716000001895 2160000
700 0.03455671700000096 2940000
800 0.06415002700000372 3840000
900 0.05385140399999955 4860000
1000 0.043364025999999 6000000
2000 0.32010837800000047 24000000
3000 0.8790367450000005 54000000
4000 1.6472916620000007 96000000
5000 3.133867758000001 150000000
