1 0.02259808099999816 16
5 0.00018945300000439147 400
10 9.651300000257379e-05 1600
15 0.00010402099999851089 3600
20 0.00829057199999994 6400
30 0.0003303720000005228 14400
40 0.0009252700000033087 25600
50 0.0009531589999980383 40000
60 0.00045413600000188126 57600
70 0.0023753469999974186 78400
80 0.004322872000003031 102400
100 0.00361920000000282 160000
200 0.010319642000006013 640000
300 0.02338282600000241 1440000
400 0.01721576299999583 2560000
500 0.030049323999996602 4000000
600 0.029118412000002536 5760000
700 0.040985465999995085 7840000
800 0.05225945200000126 10240000
900 0.07773633499999733 12960000
1000 0.09890859400000096 16000000
2000 0.6397506440000029 64000000
3000 1.4442282790000007 144000000
4000 3.822823436 256000000
5000 5.402133802000002 400000000
