1 0.02106721799999889 16
5 0.00013307999999767617 400
10 6.297600000948478e-05 1600
15 7.477500000163673e-05 3600
20 0.00011630199999501656 6400
30 0.00011495900000113579 14400
40 0.0001421260000000757 25600
50 0.00021719199999381544 40000
60 0.0003525580000030004 57600
70 0.0009969880000113562 78400
80 0.0016430719999931398 102400
100 0.0008650099999982785 160000
200 0.006567469999993136 640000
300 0.01229299700000297 1440000
400 0.015513533000003576 2560000
500 0.03177726900000266 4000000
600 0.02381752300000528 5760000
700 0.04846067100000084 7840000
800 0.057929710999999884 10240000
900 0.06340263399999913 12960000
1000 0.073958152000003 16000000
2000 0.4796072839999965 64000000
3000 1.4724439420000124 144000000
4000 3.438475151999995 256000000
5000 5.923104773999995 400000000
