1 0.017806417999992163 24
5 0.00013210800000251766 600
10 8.676400000240392e-05 2400
15 0.00011155800000040017 5400
20 0.000147896000001424 9600
30 0.0001128349999959255 21600
40 0.0001866350000057082 38400
50 0.000280701000008321 60000
60 0.00036522700000318764 86400
70 0.00040264800000500145 117600
80 0.0005492960000026414 153600
100 0.0006772140000066429 240000
200 0.0027903350000002547 960000
300 0.008241261000009104 2160000
400 0.015780857999999398 3840000
500 0.015308756999999673 6000000
600 0.029527049000009242 8640000
700 0.03995578699999669 11760000
800 0.043436114000002135 15360000
900 0.05763711199999477 19440000
1000 0.07396960500000205 24000000
2000 0.507992275999996 96000000
3000 1.5281059389999996 216000000
4000 3.189334957 384000000
5000 5.735810651000008 600000000
