1 0.02078366000000642 16
5 0.0001199750000040467 400
10 6.299099999296232e-05 1600
15 0.0004022809999923993 3600
20 0.00037239399999577927 6400
30 0.00010554699998976957 14400
40 0.000131158000002074 25600
50 0.0010587800000081415 40000
60 0.008421466000001487 57600
70 0.0018339439999977003 78400
80 0.0014135260000074368 102400
100 0.003458190999992894 160000
200 0.007610006999996699 640000
300 0.022058040000004553 1440000
400 0.025082757999996375 2560000
500 0.05574008600000013 4000000
600 0.07696038400000305 5760000
700 0.07424110899999903 7840000
800 0.08414376599999684 10240000
900 0.105841132000009 12960000
1000 0.14140552099999582 16000000
2000 1.3988839829999904 64000000
3000 3.243019318000009 144000000
4000 6.329147641000006 256000000
5000 10.632920073999998 400000000
