1 0.011467558000006761 8
5 0.00012163599998871177 200
10 0.00015298900000004778 800
15 0.00023065500000996053 1800
20 0.00013235500000519096 3200
30 0.00012018000001035034 7200
40 0.00012375699999722656 12800
50 0.00037608699999225337 20000
60 0.0005619169999988571 28800
70 0.0006701060000011694 39200
80 0.0018550500000031889 51200
100 0.004255538000009551 80000
200 0.011793058000009182 320000
300 0.022578077000005692 720000
400 0.03269371899999385 1280000
500 0.05074472999999102 2000000
600 0.06815773099999944 2880000
700 0.056083321000002684 3920000
800 0.08331251699999598 5120000
900 0.11274282400000857 6480000
1000 0.13450637500000084 8000000
2000 1.013449750999996 32000000
3000 3.289943229000002 72000000
4000 6.721891024000001 128000000
5000 12.219082262 200000000
