1 0.013360384000002057 24
5 0.00012880199999898423 600
10 7.549200000056544e-05 2400
15 8.451500000106194e-05 5400
20 0.0002512409999972931 9600
30 0.00015878399999991188 21600
40 0.0003001870000005624 38400
50 0.0006943499999998437 60000
60 0.00029076999999944064 86400
70 0.0004922309999990659 117600
80 0.0011541269999995052 153600
100 0.0010405040000023291 240000
200 0.0034294189999997116 960000
300 0.00857880800000288 2160000
400 0.008907753999999102 3840000
500 0.013460068000000547 6000000
600 0.019778396000003085 8640000
700 0.029333857000001018 11760000
800 0.03697035800000137 15360000
900 0.06347541299999904 19440000
1000 0.07844851099999772 24000000
2000 0.6591262680000014 96000000
3000 1.5119943059999983 216000000
4000 3.6769275390000047 384000000
5000 5.724453003999997 600000000
