1 0.008868926000001665 8
5 0.0001284819999973763 200
10 7.772000000016988e-05 800
15 8.732199999883505e-05 1800
20 0.0001336800000011351 3200
30 0.00025938399999958506 7200
40 0.00016258099999788556 12800
50 0.0002221959999992862 20000
60 0.0002758160000020382 28800
70 0.00038651699999903144 39200
80 0.00040340800000038257 51200
100 0.003602281000002705 80000
200 0.00553877500000155 320000
300 0.0119469720000005 720000
400 0.011974394999999305 1280000
500 0.00873078600000099 2000000
600 0.01940177000000176 2880000
700 0.030526827999999284 3920000
800 0.022972461000001942 5120000
900 0.032624086999998525 6480000
1000 0.034714109999999465 8000000
2000 0.21317082299999868 32000000
3000 0.6142330979999997 72000000
4000 1.7305654639999979 128000000
5000 2.627752682000004 200000000
