1 0.014949928000021373 8
5 0.00010847300001159965 200
10 5.702400000018315e-05 800
15 5.724400000417518e-05 1800
20 9.657200001811361e-05 3200
30 0.00019026699999358243 7200
40 0.00016925500000297689 12800
50 0.0006228160000034677 20000
60 0.0033576080000159436 28800
70 0.0011781689999850187 39200
80 0.0013661280000007991 51200
100 0.0012413569999978336 80000
200 0.005279075999993665 320000
300 0.020469577999989497 720000
400 0.026564768000014283 1280000
500 0.0324342859999831 2000000
600 0.06998797800000034 2880000
700 0.07024287999999501 3920000
800 0.12989339500001051 5120000
900 0.12332202499999312 6480000
1000 0.18054035600002294 8000000
2000 0.9438440730000082 32000000
3000 3.056847275999985 72000000
4000 5.7619840710000005 128000000
5000 10.554037211000008 200000000
