1 0.0462230679999891 16
5 0.00012102099999822258 400
10 0.0002761599999985265 1600
15 0.0001159130000019104 3600
20 0.014339672999994946 6400
30 0.00027945799999429255 14400
40 0.06407183299999986 25600
50 0.0006861389999954781 40000
60 0.0032995899999974654 57600
70 0.0003520000000065693 78400
80 0.00098581299999978 102400
100 0.01489360700000475 160000
200 0.022965757999998004 640000
300 0.02868768499999419 1440000
400 0.04477097699999888 2560000
500 0.04792709500000569 4000000
600 0.09154058100000384 5760000
700 0.06378878900000018 7840000
800 0.0695153289999979 10240000
900 0.09772153899999125 12960000
1000 0.13776104199999395 16000000
2000 0.9448509279999939 64000000
3000 3.978552553 144000000
4000 6.276649755000008 256000000
5000 11.941559098999988 400000000
