1 0.016337665000008883 16
5 0.0001362360000030094 400
10 6.252299999687239e-05 1600
15 6.523000000413504e-05 3600
20 0.0001719819999976835 6400
30 0.00016701200000568406 14400
40 0.00019174099999474947 25600
50 0.00021314600000721384 40000
60 0.0003600600000055465 57600
70 0.0008546650000056388 78400
80 0.001635643999989611 102400
100 0.0009283809999942605 160000
200 0.006942127000002074 640000
300 0.01530708300001038 1440000
400 0.012391008999998121 2560000
500 0.03289527499998712 4000000
600 0.022825777999997854 5760000
700 0.049300805000001446 7840000
800 0.0831005839999932 10240000
900 0.058867482000010796 12960000
1000 0.07558951499999012 16000000
2000 0.4936975020000034 64000000
3000 1.4691030509999905 144000000
4000 3.299348422999998 256000000
5000 5.948439442999998 400000000
