1 0.015809203999999966 8
5 0.00020936100000312763 200
10 0.0002231599999973355 800
15 0.00034402299999669594 1800
20 0.0035398790000016334 3200
30 0.0008637590000049045 7200
40 0.00023689399999682337 12800
50 0.0012465550000015924 20000
60 0.0004851599999966538 28800
70 0.0004727680000016221 39200
80 0.0015809030000042412 51200
100 0.0010249380000004749 80000
200 0.002637840999994978 320000
300 0.00794944300000111 720000
400 0.019799030000001494 1280000
500 0.009792509000000393 2000000
600 0.023862841999999773 2880000
700 0.02319286999999548 3920000
800 0.03471540900000036 5120000
900 0.04906290899999988 6480000
1000 0.049337952999998436 8000000
2000 0.36173532200000125 32000000
3000 1.1785944649999962 72000000
4000 2.3370618289999996 128000000
5000 4.475659421000003 200000000
