1 0.008267668000002004 8
5 0.00013176399999892396 200
10 8.264199999885591e-05 800
15 8.308399999990002e-05 1800
20 0.00010311100000137685 3200
30 0.00011641200000056529 7200
40 0.00023472399999846516 12800
50 0.00023380999999744745 20000
60 0.000276726999999255 28800
70 0.000344978000001106 39200
80 0.0003673729999995601 51200
100 0.0006171019999996474 80000
200 0.003709828999998166 320000
300 0.006160621999999449 720000
400 0.009021761999999711 1280000
500 0.009097434000000959 2000000
600 0.010575037999998926 2880000
700 0.016905373000000168 3920000
800 0.02909067599999915 5120000
900 0.031221263999999138 6480000
1000 0.03440355300000064 8000000
2000 0.19826562199999742 32000000
3000 0.6729220600000012 72000000
4000 1.5704838049999985 128000000
5000 2.7893592920000003 200000000
