1 0.013620924999997897 24
5 0.00016908900001055827 600
10 9.900999999956639e-05 2400
15 0.00011264799999821662 5400
20 0.00011659300000133044 9600
30 0.00017570500000374523 21600
40 0.003133280000000127 38400
50 0.002329814000006536 60000
60 0.00762015900001245 86400
70 0.0008770350000020244 117600
80 0.00044866300000023784 153600
100 0.001248648000000685 240000
200 0.003781794000005334 960000
300 0.0068180200000114155 2160000
400 0.008693863999994278 3840000
500 0.024968643999997653 6000000
600 0.03842957399999136 8640000
700 0.05823381400000471 11760000
800 0.0655590349999926 15360000
900 0.05793178100000773 19440000
1000 0.07457952200000761 24000000
2000 0.4916052310000083 96000000
3000 1.5200869199999971 216000000
4000 3.203581280999998 384000000
5000 5.7277212870000085 600000000
