1 0.013102361000001395 6
5 0.00016162400000041544 150
10 0.0001230559999996217 600
15 0.00012220600000034665 1350
20 0.00011694500000203334 2400
30 0.000225718999999458 5400
40 0.00016666700000200763 9600
50 0.0001728839999941556 15000
60 0.00032099999999957163 21600
70 0.00036762400000611706 29400
80 0.0004023600000024885 38400
100 0.0024360909999998626 60000
200 0.00386720800000262 240000
300 0.008046815000000151 540000
400 0.01587923499999988 960000
500 0.009643459999999493 1500000
600 0.04124421600000261 2160000
700 0.05204037000000028 2940000
800 0.04049857999999773 3840000
900 0.05447291200000137 4860000
1000 0.05491455800000011 6000000
2000 0.24621510299999727 24000000
3000 0.7197075449999986 54000000
4000 1.4854049510000067 96000000
5000 3.155859776 150000000
