1 0.009356950000011466 8
5 9.611699999823031e-05 200
10 5.0428999998075597e-05 800
15 9.44600000138962e-05 1800
20 7.818700001394063e-05 3200
30 9.965800001054959e-05 7200
40 0.00019434199998613622 12800
50 0.0004816200000163917 20000
60 0.0006497360000139452 28800
70 0.0007913100000109807 39200
80 0.0020936610000035216 51200
100 0.0006101510000178223 80000
200 0.005476475000023129 320000
300 0.02207181899999 720000
400 0.02740001099999745 1280000
500 0.04653745100000606 2000000
600 0.0855302490000156 2880000
700 0.10058141500002193 3920000
800 0.1669023080000045 5120000
900 0.21269735600000672 6480000
1000 0.1754052320000028 8000000
2000 1.3887864909999905 32000000
3000 3.8719750710000085 72000000
4000 7.078421199000019 128000000
5000 12.930659652999992 200000000
