1 0.014190010000000086 6
5 0.00014884299999984307 150
10 0.00020819599999910565 600
15 0.00014626399999961848 1350
20 0.00012540400000027319 2400
30 0.0001532990000008283 5400
40 0.00014838199999900326 9600
50 0.00024221400000001836 15000
60 0.00029399399999974207 21600
70 0.00036436000000072966 29400
80 0.0004969080000005732 38400
100 0.001089963999998389 60000
200 0.007394524000000402 240000
300 0.006523948999999973 540000
400 0.00676652299999958 960000
500 0.015471859999999893 1500000
600 0.017479532999999492 2160000
700 0.022373164999999418 2940000
800 0.026491479000000595 3840000
900 0.03746298300000106 4860000
1000 0.05966002300000106 6000000
2000 0.2793516769999993 24000000
3000 0.6683705410000016 54000000
4000 1.5096845390000002 96000000
5000 3.184789733999999 150000000
