1 0.020224032000001557 16
5 0.0001640020000053255 400
10 0.00013555199998904754 1600
15 0.0001205199999958495 3600
20 0.00016645399999504207 6400
30 0.0006637409999967758 14400
40 0.00041195699999718727 25600
50 0.00029194100000040635 40000
60 0.00026713600000505267 57600
70 0.0008929399999999532 78400
80 0.0015228350000029423 102400
100 0.0008547770000006949 160000
200 0.005862372999999366 640000
300 0.016326896000009583 1440000
400 0.009030084000002603 2560000
500 0.02356350799999518 4000000
600 0.022225998999999774 5760000
700 0.03259963299998958 7840000
800 0.04307816800000808 10240000
900 0.05062788200000057 12960000
1000 0.07250937599999929 16000000
2000 0.4911866570000001 64000000
3000 1.467872455999995 144000000
4000 3.472196647000004 256000000
5000 5.880121361000008 400000000
