1 9.597700000002485e-05 8
5 4.827900000003993e-05 200
10 4.975200000001401e-05 800
15 5.8889999999978127e-05 1800
20 0.00010684599999999378 3200
30 0.00017351999999998258 7200
40 0.00018015799999998583 12800
50 0.00024782200000000865 20000
60 0.0011517659999999985 28800
70 0.00041942300000002986 39200
80 0.00048016800000000304 51200
100 0.0026502950000000247 80000
200 0.004411946 320000
300 0.012443081999999994 720000
400 0.023673537999999994 1280000
500 0.02457324999999999 2000000
600 0.04977067700000004 2880000
700 0.07041340299999999 3920000
800 0.10290712499999999 5120000
900 0.13994100100000006 6480000
1000 0.169035775 8000000
2000 1.3645431239999999 32000000
3000 4.110390511 72000000
4000 6.1682921109999995 128000000
5000 12.218523620000001 200000000
