1 0.000349437000000008 6
5 0.0002652140000000136 150
10 0.00021957799999994254 600
15 0.00014408700000001495 1350
20 0.0001688770000000117 2400
30 0.00013633000000001783 5400
40 0.00015831399999999274 9600
50 0.00023753999999998054 15000
60 0.00029251799999996386 21600
70 0.0005668490000000359 29400
80 0.0008747910000000969 38400
100 0.0007329939999999313 60000
200 0.003336411000000039 240000
300 0.0063267070000000425 540000
400 0.00916608699999999 960000
500 0.011330501999999965 1500000
600 0.017623747999999995 2160000
700 0.026372645000000028 2940000
800 0.027897921999999964 3840000
900 0.03928348700000006 4860000
1000 0.045061064999999956 6000000
2000 0.366555501 24000000
3000 1.433385115 54000000
4000 1.7052926419999999 96000000
5000 3.161233944 150000000
