1 0.011373482999999851 6
5 0.00020029399999543784 150
10 0.000169183000004125 600
15 0.0001540230000003362 1350
20 0.00016036099999894304 2400
30 0.0006951920000020095 5400
40 0.00034950300000247125 9600
50 0.0004103699999973287 15000
60 0.0004035689999994929 21600
70 0.0010242999999974245 29400
80 0.0004321039999979348 38400
100 0.0005890070000020842 60000
200 0.003506278999999779 240000
300 0.006775803000003577 540000
400 0.006517512000002057 960000
500 0.008826878999997234 1500000
600 0.01602564500000625 2160000
700 0.02306315200000597 2940000
800 0.031241747000002817 3840000
900 0.037977446999995834 4860000
1000 0.043248091999998906 6000000
2000 0.22694387399999982 24000000
3000 0.6827730449999976 54000000
4000 1.3824150439999983 96000000
5000 2.7588483920000044 150000000
