1 0.012932582000001247 6
5 0.0005624040000000718 150
10 0.00818841199999909 600
15 0.0001956530000022383 1350
20 0.0007144229999980212 2400
30 0.013448800000002592 5400
40 0.01875179700000018 9600
50 0.004180039000001301 15000
60 0.0005980689999987021 21600
70 0.004358704000001268 29400
80 0.0034728360000002567 38400
100 0.0009149219999997626 60000
200 0.004240659999997121 240000
300 0.008487660000000119 540000
400 0.013072771000000927 960000
500 0.017104112000001948 1500000
600 0.028260767999999103 2160000
700 0.033237461000002355 2940000
800 0.03078981600000219 3840000
900 0.03506275200000175 4860000
1000 0.04329152699999739 6000000
2000 0.2659644180000029 24000000
3000 0.8879588980000008 54000000
4000 1.516761945999999 96000000
5000 2.9543866110000003 150000000
