1 0.021219597999994733 16
5 0.00017584299999384712 400
10 9.623800000468918e-05 1600
15 9.725299999985282e-05 3600
20 0.007876472999996054 6400
30 0.00325691500000147 14400
40 0.0008610779999997931 25600
50 0.0013509750000011422 40000
60 0.0008228050000056442 57600
70 0.001132230999999706 78400
80 0.001860272000001828 102400
100 0.0018451769999998646 160000
200 0.013629250000001036 640000
300 0.014398298999999781 1440000
400 0.014950767999998504 2560000
500 0.03356835099999955 4000000
600 0.01919976299999604 5760000
700 0.04093258200000349 7840000
800 0.05491419799999875 10240000
900 0.07878464199999513 12960000
1000 0.10615224600000062 16000000
2000 0.6533692389999999 64000000
3000 1.468049692000001 144000000
4000 3.6326838239999972 256000000
5000 5.479718388000002 400000000
