1 0.007804444000001354 8
5 9.550200000774112e-05 200
10 3.5725999993019286e-05 800
15 3.4096000007366456e-05 1800
20 7.856799999217401e-05 3200
30 0.0019255069999957186 7200
40 0.0012431469999967248 12800
50 0.0021617729999974244 20000
60 0.00049829099999954 28800
70 0.0006171940000001541 39200
80 0.017592451000012943 51200
100 0.0006425739999968982 80000
200 0.004769975000002091 320000
300 0.021702168000004463 720000
400 0.028256611000003318 1280000
500 0.043802673000001846 2000000
600 0.06569322500000396 2880000
700 0.048691587999996955 3920000
800 0.07075109699999871 5120000
900 0.0813008410000009 6480000
1000 0.13977423999999417 8000000
2000 0.8528993630000059 32000000
3000 2.7299939629999983 72000000
4000 6.718656835999994 128000000
5000 11.429164630999992 200000000
