1 0.009458721000001447 8
5 0.002948198000005675 200
10 0.0002948730000014166 800
15 0.0003127379999980917 1800
20 0.00022308300000162262 3200
30 0.00012519500000252037 7200
40 0.00011171900000306323 12800
50 0.000673282000001052 20000
60 0.0007167839999979719 28800
70 0.0007602109999993445 39200
80 0.0017345660000032126 51200
100 0.0010034109999992324 80000
200 0.00672007800000074 320000
300 0.01878096200000101 720000
400 0.02766516300000177 1280000
500 0.045948897999998906 2000000
600 0.093799894 2880000
700 0.07145473199999941 3920000
800 0.09359923600000286 5120000
900 0.14879035999999957 6480000
1000 0.16066331399999711 8000000
2000 1.0308248069999948 32000000
3000 3.2632894560000025 72000000
4000 6.9710740979999954 128000000
5000 11.727229453000007 200000000
