1 0.016795300999998375 8
5 0.0003181359999970823 200
10 0.00015970200000126056 800
15 0.00011202700000012555 1800
20 0.0002888560000009477 3200
30 0.00012404899999651775 7200
40 0.0006653549999988684 12800
50 0.00043882800000005773 20000
60 0.0003001569999980802 28800
70 0.0003990620000031697 39200
80 0.0005419279999969717 51200
100 0.0007018519999988371 80000
200 0.007469500999999212 320000
300 0.006256299000000354 720000
400 0.02294528699999887 1280000
500 0.024340282000000713 2000000
600 0.02351463000000109 2880000
700 0.037222698000000776 3920000
800 0.050681971999999575 5120000
900 0.09941822900000119 6480000
1000 0.06196591100000148 8000000
2000 0.42319241200000235 32000000
3000 1.4387385439999996 72000000
4000 3.227470566000001 128000000
5000 4.1093536539999995 200000000
