1 0.013742490999995027 6
5 0.00015540799999769206 150
10 0.00015428600000433335 600
15 0.00016451100000125507 1350
20 0.00014700899999553485 2400
30 0.0002980169999986515 5400
40 0.0007296300000021461 9600
50 0.00036273300000289055 15000
60 0.0003968779999965477 21600
70 0.0025560739999974658 29400
80 0.0007945099999986382 38400
100 0.0013492189999979587 60000
200 0.003629558000000088 240000
300 0.009980574000003628 540000
400 0.007929171999997209 960000
500 0.013338678999993192 1500000
600 0.021834410000003857 2160000
700 0.026900474000001395 2940000
800 0.026303881000004026 3840000
900 0.03560890300000352 4860000
1000 0.07497082999999805 6000000
2000 0.21417635800000312 24000000
3000 0.6892647179999969 54000000
4000 1.4773130380000055 96000000
5000 2.7827048199999993 150000000
