1 0.0224636810000014 24
5 0.00016647899999711058 600
10 0.00012014700000051448 2400
15 0.00011468399999969847 5400
20 0.009001907999998338 9600
30 0.001147478000000035 21600
40 0.008287561000003052 38400
50 0.003183963999997985 60000
60 0.002300317000003105 86400
70 0.0017880820000009123 117600
80 0.002854403999997146 153600
100 0.0012833199999988665 240000
200 0.014376552000001652 960000
300 0.017639745000000318 2160000
400 0.017911000000001565 3840000
500 0.027177261999998592 6000000
600 0.031951548999998636 8640000
700 0.057385532000001405 11760000
800 0.056950505999999734 15360000
900 0.09766781399999758 19440000
1000 0.10249575899999996 24000000
2000 0.5237112400000008 96000000
3000 1.4385899620000018 216000000
4000 3.7086590540000017 384000000
5000 5.643438576999998 600000000
