1 0.015836530000001403 16
5 0.0001356970000045976 400
10 7.08449999962113e-05 1600
15 7.716400000390422e-05 3600
20 0.00012076100000513179 6400
30 0.00017295400000705285 14400
40 0.0001506070000090176 25600
50 0.00016366699999537104 40000
60 0.0005309339999968188 57600
70 0.0015693040000002156 78400
80 0.002425407000004043 102400
100 0.0011786080000035781 160000
200 0.005838183000008712 640000
300 0.015579622999993603 1440000
400 0.00826724499999898 2560000
500 0.02680368599999383 4000000
600 0.027135706999999343 5760000
700 0.04393104400000425 7840000
800 0.0482089619999897 10240000
900 0.06950240000000463 12960000
1000 0.07268737300000794 16000000
2000 0.494126578999996 64000000
3000 1.46394650900001 144000000
4000 3.6915973849999943 256000000
5000 5.6816422870000025 400000000
