1 0.013012314999997443 24
5 0.00014228399999893782 600
10 8.009399999764355e-05 2400
15 0.0001143799999994144 5400
20 0.00015183800000073688 9600
30 0.00014733599999772196 21600
40 0.0002810820000007652 38400
50 0.00025296199999758073 60000
60 0.00036055199999651677 86400
70 0.00045379699999870127 117600
80 0.0005506470000042896 153600
100 0.001042619999999772 240000
200 0.00334988699999883 960000
300 0.007901958999994463 2160000
400 0.008752932000000158 3840000
500 0.013048502000003737 6000000
600 0.024018431999998313 8640000
700 0.037550502000001984 11760000
800 0.057003352000002394 15360000
900 0.07484200199999691 19440000
1000 0.09938172000000378 24000000
2000 0.6599294430000029 96000000
3000 1.439062351000004 216000000
4000 3.7603348330000017 384000000
5000 5.629921565000004 600000000
