1 0.011517263999998306 8
5 0.00014262700000244877 200
10 0.00012592699999913748 800
15 0.00013508199999989756 1800
20 0.0005594490000007113 3200
30 0.00015559199999870543 7200
40 0.0002065190000024586 12800
50 0.0005458370000042123 20000
60 0.0005310900000026209 28800
70 0.0005991720000011469 39200
80 0.00037804800000174055 51200
100 0.0004968209999987039 80000
200 0.0024753949999976044 320000
300 0.007108455000000902 720000
400 0.006548323000004075 1280000
500 0.01157261499999862 2000000
600 0.012678582999996024 2880000
700 0.016976482999993436 3920000
800 0.02863497100000245 5120000
900 0.03629016299999677 6480000
1000 0.060393199000003506 8000000
2000 0.19867837199999627 32000000
3000 0.6196371099999993 72000000
4000 1.8084962840000003 128000000
5000 2.577848572999997 200000000
