1 0.021889508000001 16
5 0.00017649200000136034 400
10 8.612399999918807e-05 1600
15 0.00024430100000216726 3600
20 0.011975471999996046 6400
30 0.00021495900000445545 14400
40 0.0002101769999995895 25600
50 0.0007675970000065035 40000
60 0.00028827399999897807 57600
70 0.0014043259999994007 78400
80 0.001965648999998848 102400
100 0.0013393600000028982 160000
200 0.008691401999996629 640000
300 0.016337980000002972 1440000
400 0.01903515200000072 2560000
500 0.022949754000002542 4000000
600 0.019107181999999057 5760000
700 0.0291269520000057 7840000
800 0.052974925000000894 10240000
900 0.07715932100000344 12960000
1000 0.09675650999999874 16000000
2000 0.6362666559999965 64000000
3000 1.5295272059999974 144000000
4000 3.6058858720000018 256000000
5000 5.6394115089999985 400000000
