1 0.011114619000004211 8
5 0.00014700300000214384 200
10 0.00018668400000620977 800
15 0.00027116599999743585 1800
20 0.00042873700000001236 3200
30 0.0002215199999966444 7200
40 0.0001265619999983869 12800
50 0.00036804399999823545 20000
60 0.00031033499999466585 28800
70 0.004739067000002706 39200
80 0.0005546699999996463 51200
100 0.0006811199999958717 80000
200 0.0040726490000011495 320000
300 0.019807129000000145 720000
400 0.007996409000000426 1280000
500 0.018576453999997966 2000000
600 0.024256989000001283 2880000
700 0.03512496399999776 3920000
800 0.04114792000000023 5120000
900 0.05221120000000212 6480000
1000 0.08563967199999922 8000000
2000 0.36601868900000056 32000000
3000 1.5666691099999994 72000000
4000 2.6389117639999995 128000000
5000 4.759096466999999 200000000
