1 0.018471432000001897 16
5 0.00013093400000130373 400
10 0.0001638100000000975 1600
15 0.00010301200000029098 3600
20 0.0001309680000005642 6400
30 0.00018428299999939668 14400
40 0.00016671200000217823 25600
50 0.0005132279999990885 40000
60 0.0003877810000005866 57600
70 0.00100431399999934 78400
80 0.0015511560000014413 102400
100 0.0007469839999991734 160000
200 0.008824001000000692 640000
300 0.017413691999998093 1440000
400 0.00887715700000058 2560000
500 0.03304628400000098 4000000
600 0.02077832399999835 5760000
700 0.050133762000001525 7840000
800 0.083960759 10240000
900 0.08340282400000021 12960000
1000 0.09412856999999875 16000000
2000 0.6460541070000012 64000000
3000 1.670130598 144000000
4000 3.4468612620000023 256000000
5000 6.146920328 400000000
