1 0.014566245000001032 8
5 0.0010621020000023407 200
10 0.000485363999999322 800
15 0.00022380000000055134 1800
20 0.00020935400000254845 3200
30 0.0004456509999997138 7200
40 0.0007928149999969492 12800
50 0.0002793339999982436 20000
60 0.00027663800000254923 28800
70 0.00043218699999769683 39200
80 0.0026867319999972494 51200
100 0.0006323610000009694 80000
200 0.0030817009999992706 320000
300 0.006581918000001963 720000
400 0.016326667000001294 1280000
500 0.012784155999998603 2000000
600 0.019322920000000465 2880000
700 0.022254735000000636 3920000
800 0.036423208999998735 5120000
900 0.048346980999998124 6480000
1000 0.06943483199999889 8000000
2000 0.3870320420000013 32000000
3000 1.2257261809999989 72000000
4000 2.2839964759999987 128000000
5000 4.030184677999998 200000000
