1 0.018292079999994826 16
5 0.00011069800000029772 400
10 5.9954000008133335e-05 1600
15 6.618000000457869e-05 3600
20 7.202499999436895e-05 6400
30 0.00018204500000251755 14400
40 0.00018308199999239605 25600
50 0.00035360500000081174 40000
60 0.00040608499999450487 57600
70 0.0012939329999994698 78400
80 0.0025237600000025395 102400
100 0.0009895799999952715 160000
200 0.008747462000002315 640000
300 0.014884714000004351 1440000
400 0.008857347000002846 2560000
500 0.026089546000008568 4000000
600 0.019314944000001333 5760000
700 0.03148146300000576 7840000
800 0.04294955200001027 10240000
900 0.05599730399998748 12960000
1000 0.0793534449999953 16000000
2000 0.5024570890000035 64000000
3000 1.5210698919999999 144000000
4000 3.339444413999999 256000000
5000 5.918738078000004 400000000
