1 0.02161827300000141 24
5 0.0001670830000080059 600
10 0.00012904700000149205 2400
15 0.00013077599999178346 5400
20 0.0005121920000021873 9600
30 0.00029628000000059274 21600
40 0.0007015580000029331 38400
50 0.0007248060000080159 60000
60 0.0010258519999979399 86400
70 0.0007130569999986847 117600
80 0.0015558819999910156 153600
100 0.0019210260000050994 240000
200 0.0029720929999967893 960000
300 0.0128764450000034 2160000
400 0.0235999710000101 3840000
500 0.025854510999991476 6000000
600 0.042389002999996706 8640000
700 0.049695478000003845 11760000
800 0.05973491199999614 15360000
900 0.07903840800000239 19440000
1000 0.10037377000000447 24000000
2000 0.6073826969999914 96000000
3000 1.4252564419999914 216000000
4000 3.8048276869999995 384000000
5000 5.707355124999992 600000000
