1 0.016236835000000838 6
5 0.0002196619999992322 150
10 0.005486645000004842 600
15 0.0002502250000020467 1350
20 0.0008570470000037744 2400
30 0.0011585450000026754 5400
40 0.00027584200000063674 9600
50 0.00027380999999593314 15000
60 0.0003392830000024105 21600
70 0.0008650659999958066 29400
80 0.0015104600000057644 38400
100 0.0017603920000013318 60000
200 0.008036846999999625 240000
300 0.007329538000000468 540000
400 0.01218332999999916 960000
500 0.008805418999997983 1500000
600 0.019672160000006045 2160000
700 0.02729827600000334 2940000
800 0.028096435000001918 3840000
900 0.0549479600000069 4860000
1000 0.07070841500000569 6000000
2000 0.34842455599999766 24000000
3000 0.7477416429999977 54000000
4000 1.475777493999999 96000000
5000 3.139240273999995 150000000
