1 0.022505520000009938 16
5 0.00031350100002214276 400
10 0.00010743199999296849 1600
15 0.000629454999995005 3600
20 0.0007379519999801687 6400
30 0.00039930600001980565 14400
40 0.0014518659999964711 25600
50 0.00047977299999502065 40000
60 0.00038932300000737996 57600
70 0.0002850040000055287 78400
80 0.002658335000006673 102400
100 0.0016347990000156187 160000
200 0.008371207999999797 640000
300 0.019434074000002965 1440000
400 0.0212674130000039 2560000
500 0.04495161500000222 4000000
600 0.08863617800000156 5760000
700 0.062247823000006974 7840000
800 0.07600975200000448 10240000
900 0.08518089599999712 12960000
1000 0.11162539800000104 16000000
2000 0.832397670000006 64000000
3000 2.618294717999987 144000000
4000 7.9992006630000105 256000000
5000 12.07637093599999 400000000
