1 0.020000359999997386 24
5 0.00017465399999139208 600
10 0.00013659700000800967 2400
15 0.0002693149999970501 5400
20 0.0006760860000127877 9600
30 0.00023662300000637515 21600
40 0.0019539379999997664 38400
50 0.000418301999999926 60000
60 0.0007021039999983714 86400
70 0.004200409999995713 117600
80 0.0011649519999963331 153600
100 0.005085108000002947 240000
200 0.007338634000007005 960000
300 0.009880862000002821 2160000
400 0.03916107199999885 3840000
500 0.04743542399999967 6000000
600 0.10826477899999531 8640000
700 0.06783690199999626 11760000
800 0.06046509500001207 15360000
900 0.08927162199999827 19440000
1000 0.131966417000001 24000000
2000 0.7462606859999994 96000000
3000 1.466349422999997 216000000
4000 3.387536809999986 384000000
5000 8.580887106999995 600000000
