1 0.015686981000001765 16
5 0.00012397499999394768 400
10 5.971000000215554e-05 1600
15 6.235299999701738e-05 3600
20 9.825500000459897e-05 6400
30 0.00010479099999827213 14400
40 0.0001469370000037884 25600
50 0.0001634059999986448 40000
60 0.0003441189999975336 57600
70 0.0015716240000003268 78400
80 0.0020417300000019623 102400
100 0.0010552480000001196 160000
200 0.007646059999999011 640000
300 0.017390322000004232 1440000
400 0.008949129000001221 2560000
500 0.03456542200000001 4000000
600 0.03443303000000242 5760000
700 0.054519315000007396 7840000
800 0.043169801999994206 10240000
900 0.05606090199999869 12960000
1000 0.07588671400000635 16000000
2000 0.4913774689999997 64000000
3000 1.4827958310000042 144000000
4000 3.260768122999991 256000000
5000 5.455750918999996 400000000
