1 0.023628723000001628 16
5 0.0002220639999990226 400
10 8.860599999849228e-05 1600
15 0.0001561129999991806 3600
20 0.0010802219999987983 6400
30 0.0004971289999993189 14400
40 0.00026351099999999406 25600
50 0.000607358999999974 40000
60 0.007980328000002146 57600
70 0.0016643020000017827 78400
80 0.0024446500000010474 102400
100 0.0032883609999991847 160000
200 0.005861986000002872 640000
300 0.026261829999999264 1440000
400 0.036215978000001314 2560000
500 0.05282222900000022 4000000
600 0.10469352300000168 5760000
700 0.07480857699999888 7840000
800 0.08424972699999955 10240000
900 0.11072541800000124 12960000
1000 0.1654558760000029 16000000
2000 1.1563075420000004 64000000
3000 3.080664185 144000000
4000 6.061022002000001 256000000
5000 12.169695414000003 400000000
