1 0.013270327000000748 24
5 0.00013698700000475128 600
10 0.00010623800000075789 2400
15 0.00012658800000053816 5400
20 0.00022466400000098474 9600
30 0.0002689650000036181 21600
40 0.00035969400001079066 38400
50 0.0002300809999979947 60000
60 0.00038991299999224793 86400
70 0.0006441150000000562 117600
80 0.000676698999996006 153600
100 0.0014397810000019717 240000
200 0.01138174000000447 960000
300 0.008390839999989907 2160000
400 0.0077503840000048285 3840000
500 0.031739540000003785 6000000
600 0.03318729599999415 8640000
700 0.04341462299998966 11760000
800 0.0461345779999931 15360000
900 0.06718428400000676 19440000
1000 0.07594511000000637 24000000
2000 0.5176068389999955 96000000
3000 1.5616418230000022 216000000
4000 3.1367652950000036 384000000
5000 5.674789521000008 600000000
