1 0.009461104000000553 8
5 0.00012320799999976373 200
10 0.00014325300000006536 800
15 0.00010189899999968333 1800
20 9.892699999980437e-05 3200
30 0.0002108279999992746 7200
40 0.00014040200000042802 12800
50 0.0002420000000000755 20000
60 0.0002657649999999734 28800
70 0.0003469159999998084 39200
80 0.00041780100000021747 51200
100 0.0006197620000003567 80000
200 0.0027989499999998557 320000
300 0.00662015199999999 720000
400 0.008314890000000297 1280000
500 0.012422302000000052 2000000
600 0.011312746999999845 2880000
700 0.016603714999999575 3920000
800 0.02200607799999954 5120000
900 0.032628016000000315 6480000
1000 0.033211161000000544 8000000
2000 0.2017409240000001 32000000
3000 0.6448074309999994 72000000
4000 1.391625361 128000000
5000 3.037287525 200000000
