1 0.010002370999998789 8
5 0.0001475740000032033 200
10 0.00010784199999847033 800
15 0.00017134899999859954 1800
20 0.00022435799999698247 3200
30 0.00023728700000447134 7200
40 0.00014440699999340723 12800
50 0.0002976500000002602 20000
60 0.00025162099999676 28800
70 0.0005913399999997182 39200
80 0.000659386999998901 51200
100 0.000552591999998242 80000
200 0.0022157979999946065 320000
300 0.0062393059999976686 720000
400 0.007330027999998379 1280000
500 0.009698444000001416 2000000
600 0.016215584000001115 2880000
700 0.017103931000001182 3920000
800 0.03960658800000516 5120000
900 0.09020304900000298 6480000
1000 0.04619892599999531 8000000
2000 0.2638867229999988 32000000
3000 0.7826671549999986 72000000
4000 1.5544298480000052 128000000
5000 2.810396989999994 200000000
