1 0.011321557999998788 6
5 0.00012672199999741451 150
10 0.00010580600000054119 600
15 9.927400000009357e-05 1350
20 0.00011174300000149628 2400
30 0.0001542500000013547 5400
40 0.0001652010000015025 9600
50 0.00028086100000024317 15000
60 0.000264254000001074 21600
70 0.00042863399999859553 29400
80 0.0003984899999984748 38400
100 0.0010014050000002328 60000
200 0.004046660000000202 240000
300 0.00565153200000168 540000
400 0.00979540200000173 960000
500 0.009687240000001651 1500000
600 0.016019489999997916 2160000
700 0.021439660999998722 2940000
800 0.026490873000000192 3840000
900 0.03639330899999749 4860000
1000 0.04532067699999942 6000000
2000 0.23226314700000117 24000000
3000 0.6911433379999998 54000000
4000 1.492321400999998 96000000
5000 3.1444095319999974 150000000
