1 0.016243205999998622 24
5 0.00013857799999783538 600
10 8.171199999651435e-05 2400
15 0.00012876299999931007 5400
20 0.00016049999999978581 9600
30 0.0005329459999998676 21600
40 0.00048693000000099573 38400
50 0.012001310000002263 60000
60 0.019526229000000228 86400
70 0.00766882500000321 117600
80 0.00556310799999693 153600
100 0.006826644999996745 240000
200 0.005286255000001461 960000
300 0.011209452000002784 2160000
400 0.01401941600000356 3840000
500 0.020229671000002725 6000000
600 0.0280052210000008 8640000
700 0.04351794400000131 11760000
800 0.055482781999998565 15360000
900 0.07896125999999981 19440000
1000 0.10086993600000227 24000000
2000 0.6425980469999999 96000000
3000 1.4062633919999925 216000000
4000 3.8081253980000014 384000000
5000 5.619920265999994 600000000
