1 0.012710814999998377 6
5 0.00019838800000115953 150
10 0.0003338370000030011 600
15 0.00015988499999863848 1350
20 0.00033873199999945314 2400
30 0.00017889700000139896 5400
40 0.000252134000000126 9600
50 0.0009434400000003507 15000
60 0.00040355999999874825 21600
70 0.0006449790000004896 29400
80 0.0006005370000004007 38400
100 0.0008875409999973272 60000
200 0.0060514149999981726 240000
300 0.008538122000000925 540000
400 0.011580252000001678 960000
500 0.014874859000002516 1500000
600 0.023152119999998888 2160000
700 0.03406331700000109 2940000
800 0.0345912439999978 3840000
900 0.04157669199999958 4860000
1000 0.053525708999998756 6000000
2000 0.3300538969999991 24000000
3000 0.7225131379999965 54000000
4000 1.5289596590000016 96000000
5000 3.2137537040000055 150000000
