1 0.011925265000002128 8
5 0.0003772880000028067 200
10 0.0022346639999994977 800
15 0.0006783250000026442 1800
20 0.0003702170000039473 3200
30 0.000668158000003416 7200
40 0.0004637750000000551 12800
50 0.0013747189999975262 20000
60 0.000858868000001678 28800
70 0.007325441000006094 39200
80 0.005856217000001607 51200
100 0.001183812000000728 80000
200 0.0030301460000004 320000
300 0.009289649000002953 720000
400 0.0219982780000052 1280000
500 0.014981925999997259 2000000
600 0.0378355639999981 2880000
700 0.040083531999997035 3920000
800 0.04416580000000181 5120000
900 0.10017971300000283 6480000
1000 0.08312778999999892 8000000
2000 0.40500159499999455 32000000
3000 1.2545500459999914 72000000
4000 2.8570566010000107 128000000
5000 4.472957566000005 200000000
