1 0.00022367300000003532 24
5 0.00011741300000001065 600
10 8.07369999999974e-05 2400
15 6.830199999996456e-05 5400
20 0.00014958499999995212 9600
30 0.00012433299999992098 21600
40 0.00020267499999993 38400
50 0.000250465000000033 60000
60 0.00033450499999998495 86400
70 0.0007033639999999286 117600
80 0.0006181619999999777 153600
100 0.001004745000000029 240000
200 0.0035869720000000216 960000
300 0.007790410000000025 2160000
400 0.008653785999999997 3840000
500 0.01875034100000006 6000000
600 0.02989283899999995 8640000
700 0.044920984 11760000
800 0.059443789999999996 15360000
900 0.07656018600000003 19440000
1000 0.10312664700000007 24000000
2000 0.5389873709999999 96000000
3000 1.36985242 216000000
4000 3.4250809099999997 384000000
5000 6.097711558 600000000
