1 0.01436050499999908 8
5 0.001148216000004254 200
10 0.0006958150000002661 800
15 0.00016611600000260296 1800
20 0.0001320890000044983 3200
30 0.0002234699999945633 7200
40 0.0031193599999994603 12800
50 0.00033109700000011344 20000
60 0.0004961409999992838 28800
70 0.0006756770000038159 39200
80 0.0007548499999927571 51200
100 0.0010390239999935602 80000
200 0.004002110000001835 320000
300 0.0061254639999930305 720000
400 0.012685157000007052 1280000
500 0.014354110999988734 2000000
600 0.023656638000005614 2880000
700 0.02861370400000851 3920000
800 0.04514320100000191 5120000
900 0.062360832999999616 6480000
1000 0.07157075899999654 8000000
2000 0.48532464299999845 32000000
3000 1.2522510729999965 72000000
4000 2.513614996000001 128000000
5000 4.700371418000003 200000000
