1 0.0002940820000000288 8
5 0.00014304300000000936 200
10 0.00016942699999999977 800
15 0.00014740399999996212 1800
20 0.00020864200000003663 3200
30 0.00024635299999997695 7200
40 0.00032206699999998145 12800
50 0.00034981800000000174 20000
60 0.00046339400000000586 28800
70 0.0010888290000000134 39200
80 0.0013342029999999783 51200
100 0.0009268800000000188 80000
200 0.002951910000000002 320000
300 0.00828564599999998 720000
400 0.01148995700000005 1280000
500 0.014373819999999982 2000000
600 0.02000660400000004 2880000
700 0.028480139999999987 3920000
800 0.034193978999999985 5120000
900 0.04359940100000004 6480000
1000 0.07139041499999998 8000000
2000 0.32296114 32000000
3000 0.8300704 72000000
4000 1.3283327269999998 128000000
5000 3.0519085569999995 200000000
