1 0.008391877999997632 8
5 0.00014603299999293995 200
10 6.804299999885188e-05 800
15 8.628300000168565e-05 1800
20 0.0001484800000071118 3200
30 0.0001388409999947271 7200
40 0.00010140700001670666 12800
50 0.0003460410000002412 20000
60 0.0006129189999910523 28800
70 0.0006613189999882252 39200
80 0.002307849999994005 51200
100 0.002433811000003061 80000
200 0.01015339500000323 320000
300 0.02015494700000886 720000
400 0.03399621299999467 1280000
500 0.04770177200001058 2000000
600 0.07213201900000854 2880000
700 0.05443557600000304 3920000
800 0.073195534000007 5120000
900 0.09463380400001142 6480000
1000 0.11572838500001126 8000000
2000 0.8136989699999901 32000000
3000 3.041210148999994 72000000
4000 5.9044291550000025 128000000
5000 12.113922336999991 200000000
