1 0.023090944999999863 24
5 0.00015859299999831933 600
10 0.00015875100000073417 2400
15 0.00014568200000120157 5400
20 0.00027797499999948627 9600
30 0.00023381000000100016 21600
40 0.00043830300000102795 38400
50 0.0004146850000008584 60000
60 0.00039065400000026784 86400
70 0.000952914999999166 117600
80 0.0006019419999994113 153600
100 0.0009755189999989256 240000
200 0.004975241999998659 960000
300 0.014682943000000392 2160000
400 0.009974276999999532 3840000
500 0.01782876600000094 6000000
600 0.01966365300000028 8640000
700 0.043202931999999805 11760000
800 0.051888698000000844 15360000
900 0.08920270199999969 19440000
1000 0.09950227699999914 24000000
2000 0.666153735 96000000
3000 1.5044044169999982 216000000
4000 3.7790594350000006 384000000
5000 5.631476994 600000000
