1 0.01851743399999961 16
5 0.00014042000000102917 400
10 0.00014262699999889605 1600
15 0.00010483900000046731 3600
20 0.00014580100000038954 6400
30 0.00019032099999982677 14400
40 0.00037843799999848216 25600
50 0.00026119999999885124 40000
60 0.0005199410000003013 57600
70 0.0013326310000003616 78400
80 0.0019039349999996347 102400
100 0.0012812040000014235 160000
200 0.009002563000001018 640000
300 0.018728892000000386 1440000
400 0.012722510000001463 2560000
500 0.035914643999999996 4000000
600 0.03978714699999841 5760000
700 0.07371057699999994 7840000
800 0.05279611000000095 10240000
900 0.07873454899999999 12960000
1000 0.09787479299999902 16000000
2000 0.629438468 64000000
3000 1.4879188580000005 144000000
4000 3.8030908509999986 256000000
5000 6.765293574000001 400000000
