1 0.01186591199999043 8
5 0.0003594400000110909 200
10 0.0002246829999990041 800
15 0.00014485399999841775 1800
20 0.0002795280000071898 3200
30 0.0003290880000008656 7200
40 0.0006222420000057127 12800
50 0.00040315799999746105 20000
60 0.00026859499999432046 28800
70 0.00042955800000754607 39200
80 0.0005517649999973173 51200
100 0.0006595629999992525 80000
200 0.0069306439999934355 320000
300 0.005711640000001239 720000
400 0.01008541000000207 1280000
500 0.01710695700000997 2000000
600 0.010823686000009047 2880000
700 0.04078225399999269 3920000
800 0.03679342899999938 5120000
900 0.06111765099998934 6480000
1000 0.06448792999999853 8000000
2000 0.46116548599999874 32000000
3000 1.3684265690000075 72000000
4000 2.784249413000012 128000000
5000 5.143897163999995 200000000
