1 0.043633266999997034 24
5 1.9405999999833057e-05 600
10 7.289999999215979e-06 2400
15 7.185000001186381e-06 5400
20 7.519000000399956e-06 9600
30 1.2355000002628458e-05 21600
40 1.351800000293224e-05 38400
50 2.6657000006480303e-05 60000
60 2.849999999909869e-05 86400
70 0.00018642200000584808 117600
100 0.00012450999999913392 240000
200 0.0010658730000017158 960000
300 0.0035644640000001004 2160000
400 0.005460100000000523 3840000
500 0.0112007309999953 6000000
600 0.01058456700000221 8640000
700 0.021808987000000002 11760000
800 0.02178618900000373 15360000
900 0.03216377199999698 19440000
1000 0.04266291099999364 24000000
2000 0.3092900640000025 96000000
3000 0.8327199690000029 216000000
4000 1.917023884999999 384000000
5000 4.435054551 600000000
10000 32.691389404999995 2400000000
