1 3.040999999992522e-05 24
5 6.35749999999824e-05 600
10 6.148000000094633e-06 2400
15 6.552999999964726e-06 5400
20 9.307000000013943e-06 9600
30 9.163999999994843e-05 21600
40 2.4882000000059357e-05 38400
50 4.196999999994677e-05 60000
60 5.0207000000024316e-05 86400
70 0.0001735039999999355 117600
100 0.00016305100000002515 240000
200 0.001328115000000074 960000
300 0.003630235000000037 2160000
400 0.0065480970000000305 3840000
500 0.016825588000000002 6000000
600 0.012579675999999984 8640000
700 0.015334213000000041 11760000
800 0.020559729000000027 15360000
900 0.030285116999999917 19440000
1000 0.03886758400000001 24000000
2000 0.27117851400000004 96000000
3000 0.814672885 216000000
4000 1.8316343579999996 384000000
5000 3.5842328560000007 600000000
10000 29.828991053000003 2400000000
