1 0.041838181000002805 24
5 2.2928999953819584e-05 600
10 8.019999995667604e-06 2400
15 1.6125000001920853e-05 5400
20 7.277999998223095e-06 9600
30 1.2198999968404678e-05 21600
40 1.2353999977676722e-05 38400
50 2.7746999990085897e-05 60000
60 7.562000001826163e-05 86400
70 7.786100002249441e-05 117600
100 0.00015552400003571165 240000
200 0.0018916759999569877 960000
300 0.0046982990000401514 2160000
400 0.0068562700000143195 3840000
500 0.012232174000018858 6000000
600 0.00925196599996525 8640000
700 0.014078971999992973 11760000
800 0.020296190000010483 15360000
900 0.0268106749999788 19440000
1000 0.037396748999981355 24000000
2000 0.3034562270000265 96000000
3000 0.7941870039999799 216000000
4000 2.0530304150000234 384000000
5000 3.9078722429999857 600000000
10000 27.895215635 2400000000
