2 9.94995000000054e-05 
5 9.728889999999769e-05 
10 0.00015840660000000507 
15 0.00020923290000001148 
20 0.0002515048999999936 
30 0.000280790000000003 
40 0.0009056876999999963 
50 0.0009933215000000107 
60 0.0010009759999999924 
70 0.0016616009999999848 
80 0.0020096742000000056 
90 0.002551905100000007 
100 0.0029176700999999916 
150 0.00908891019999999 
200 0.01059627379999999 
300 0.018009396199999982 
400 0.02553224380000003 
500 0.05384087069999999 
600 0.06044210970000008 
700 0.07962582100000004 
800 0.12525352710000015 
900 0.18061089560000002 
1000 0.23184126309999992 
1500 0.7011080324999999 
2000 1.6160936220999997 
