2 0.00010998819999999965 
5 0.00011102459999999814 
10 0.0001463473999999909 
15 0.0002506601000000053 
20 0.00023050679999999656 
30 0.000268681799999998 
40 0.0009846806999999958 
50 0.0009515428000000159 
60 0.0009722916000000026 
70 0.0015627801000000108 
80 0.0022642300000000003 
90 0.0022510668999999985 
100 0.0032982883000000074 
150 0.010962314600000012 
200 0.008942013399999994 
300 0.016225927000000008 
400 0.034899829199999975 
500 0.04781785759999999 
600 0.06780336160000011 
700 0.09921702589999999 
800 0.12814641999999998 
900 0.1787319118000001 
1000 0.21138184829999968 
1500 0.7055772634 
2000 1.6529962373 
