2 8.670660000000829e-05 
5 0.00011290569999999889 
10 0.00011231559999998475 
15 0.00015352659999998686 
20 0.00019247730000000464 
30 0.00041847149999998945 
40 0.001197651499999991 
50 0.002127427700000006 
60 0.0022418428999999964 
70 0.0028490615000000053 
80 0.0035005304000000127 
90 0.005051037100000011 
100 0.0054373055999999975 
150 0.013879077199999978 
200 0.020226787600000008 
300 0.06286313650000004 
400 0.12401245010000002 
500 0.27188148020000014 
600 0.3692941945999997 
700 0.5810888390999999 
800 0.8507741976999998 
900 1.1998419993999998 
1000 1.6856286144000001 
1500 5.992779208500002 
2000 14.566672622100004 
