2 9.627730000000279e-05 
5 0.00010821250000000448 
10 0.00011670790000001263 
15 0.00017112629999999074 
20 0.00017748110000000427 
30 0.0003399426000000094 
40 0.0006531691999999978 
50 0.0009034987999999966 
60 0.0009078407000000066 
70 0.0012975871999999999 
80 0.0015361999000000014 
90 0.003224792200000015 
100 0.003116863299999989 
150 0.007333953599999998 
200 0.009531788799999986 
300 0.017963225400000005 
400 0.031931104799999985 
500 0.04733124860000004 
600 0.07055359070000007 
700 0.11240267750000003 
800 0.16289760989999996 
900 0.20682898930000002 
1000 0.26615743569999983 
1500 0.8347532968999998 
2000 2.0139832712 
