2 9.703730000000243e-05 
5 8.965409999999729e-05 
10 0.0001760633999999983 
15 0.00016799490000001248 
20 0.00020877589999999114 
30 0.00045195199999999993 
40 0.0011023704999999994 
50 0.0014940099000000095 
60 0.0020430012000000053 
70 0.002753393999999998 
80 0.0033122445000000056 
90 0.004661416699999999 
100 0.005792872700000002 
150 0.017338256799999997 
200 0.024433553199999992 
300 0.05643385740000002 
400 0.12022698610000004 
500 0.2182280927 
600 0.35132339549999997 
700 0.5513153276 
800 0.8290916434000003 
900 1.2064145249 
1000 1.6944059165999996 
1500 6.0005912618 
2000 14.462983012200004 
