2 8.354620000000645e-05 
5 7.826529999999666e-05 
10 0.00010989200000000588 
15 0.00018086189999999002 
20 0.0002329574999999917 
30 0.00037424540000000615 
40 0.001160530400000004 
50 0.0013792890000000114 
60 0.002036833900000007 
70 0.0033119867000000027 
80 0.003982171799999995 
90 0.006029687499999992 
100 0.0061514979999999775 
150 0.013951307699999981 
200 0.023697163 
300 0.07372661350000002 
400 0.13098969430000001 
500 0.2248300519999999 
600 0.34507439750000024 
700 0.5392249796000002 
800 0.8201693012999994 
900 1.196791501800001 
1000 1.6689420557999994 
1500 5.983486568100002 
2000 14.464187462600004 
