2 0.00010586280000000614 
5 9.618610000001194e-05 
10 0.00010198470000000182 
15 0.00016894609999999478 
20 0.00020478730000000333 
30 0.0004042277000000094 
40 0.0009877654000000013 
50 0.0013298683000000032 
60 0.0017950217000000045 
70 0.0027853254000000105 
80 0.003511846700000004 
90 0.004572995900000004 
100 0.0057215931000000105 
150 0.014179541000000018 
200 0.03108807410000001 
300 0.06266231220000004 
400 0.13355606109999993 
500 0.22617043310000015 
600 0.35675444459999994 
700 0.5403179281 
800 0.8234539214999996 
900 1.1901061870000003 
1000 1.6690814267 
1500 5.976782235600001 
2000 14.442666015899997 
