2 8.497580000002002e-05 
5 7.494910000000466e-05 
10 0.0001253204000000008 
15 0.00015785219999999155 
20 0.00018280140000001 
30 0.0004754048999999927 
40 0.0010947297999999994 
50 0.0012945923999999997 
60 0.002116435500000002 
70 0.002650617500000002 
80 0.0037583920999999963 
90 0.005133310199999991 
100 0.006519505499999978 
150 0.015530331500000005 
200 0.02464404459999999 
300 0.06547849240000006 
400 0.14620978769999993 
500 0.25920059730000006 
600 0.3608228694000001 
700 0.5359520672 
800 0.8279911418000001 
900 1.1911684963999989 
1000 1.6829532965000014 
1500 5.9713506924000015 
2000 14.732871483199997 
