2 0.0001174695999999975 
5 0.00010132659999999572 
10 0.00019578410000000156 
15 0.0001586199999999982 
20 0.0003130306000000083 
30 0.0003465830000000225 
40 0.0007219623999999925 
50 0.0009127319999999994 
60 0.0008696640000000033 
70 0.001319360900000005 
80 0.0015275700000000059 
90 0.0019102103000000036 
100 0.0020330499 
150 0.006953180899999989 
200 0.009854197799999987 
300 0.017090783899999983 
400 0.03031467729999998 
500 0.05542988169999998 
600 0.07159092950000004 
700 0.10760277100000004 
800 0.15464518829999996 
900 0.21152098700000002 
1000 0.2668946769999997 
1500 0.8472794556999999 
2000 2.2601963306 
