2 0.00010688929999999597 
5 9.503879999999686e-05 
10 0.00012100909999998577 
15 0.00017171690000000183 
20 0.00023512589999999945 
30 0.0002938852000000103 
40 0.0008669631000000122 
50 0.0009550368000000087 
60 0.0009808276999999977 
70 0.0017446828000000024 
80 0.002114587100000015 
90 0.002437125000000001 
100 0.002852331099999994 
150 0.006195306100000003 
200 0.011231208500000034 
300 0.018435462599999997 
400 0.029890629200000008 
500 0.049575741899999984 
600 0.06662505139999989 
700 0.09204473570000005 
800 0.11450279020000012 
900 0.1546756171000002 
1000 0.20924583519999995 
1500 0.6907918810999998 
2000 1.6056097865999994 
