2 0.00010279429999999756 
5 0.0001373322999999982 
10 0.00021146289999999235 
15 0.00024811559999999286 
20 0.00034473640000000084 
30 0.00026432859999999113 
40 0.0007585359999999874 
50 0.000859478600000002 
60 0.0010423686999999847 
70 0.0014534821000000086 
80 0.0023056079000000006 
90 0.003096548199999999 
100 0.0028398224000000137 
150 0.015009703300000005 
200 0.014745859800000016 
300 0.02001556550000001 
400 0.06180416099999997 
500 0.05368582429999995 
600 0.07980540829999994 
700 0.10784355790000007 
800 0.1789064176000001 
900 0.21936521540000023 
1000 0.2796098927000001 
1500 0.9307939896999997 
2000 2.1293616862999993 
