2 0.00012966919999999327 
5 8.677530000000266e-05 
10 0.00011058920000000527 
15 0.00017028780000000188 
20 0.00022304290000000338 
30 0.0002745638999999911 
40 0.0008253516999999988 
50 0.0008967369999999975 
60 0.0009354760999999989 
70 0.0017726162000000045 
80 0.002144098699999997 
90 0.003079998900000003 
100 0.005068599699999998 
150 0.0088681566 
200 0.01046474599999998 
300 0.014152969100000001 
400 0.024055833500000012 
500 0.04705498950000002 
600 0.061209314799999984 
700 0.08301807660000012 
800 0.14406935050000014 
900 0.1963740544000002 
1000 0.25844933800000003 
1500 0.7407093193000002 
2000 1.7182987447000007 
