2 0.00011895499999999282 
5 0.00012380889999998867 
10 0.00015318539999999435 
15 0.00019680149999999895 
20 0.00022876259999999316 
30 0.00035122799999999786 
40 0.001003708100000006 
50 0.0009512002000000075 
60 0.0009343453999999917 
70 0.0012800907000000083 
80 0.0013769577999999893 
90 0.0018931262000000005 
100 0.002077093699999993 
150 0.00724973559999999 
200 0.014421603800000016 
300 0.018840607299999968 
400 0.035129505600000034 
500 0.05075512660000001 
600 0.07250858700000011 
700 0.09541023419999992 
800 0.14074559720000007 
900 0.21342621480000004 
1000 0.2572329973999999 
1500 0.8180031626999998 
2000 1.9106316887000006 
