2 0.0001701290000000133 
5 0.00013310679999999908 
10 0.00018895909999999683 
15 0.00017248710000001278 
20 0.0002015335999999923 
30 0.0003376652999999952 
40 0.0008479819999999971 
50 0.0011097098999999998 
60 0.0015171718999999917 
70 0.003447944400000008 
80 0.001765370500000002 
90 0.0031997820999999926 
100 0.002547792700000012 
150 0.009152063399999976 
200 0.01849325770000001 
300 0.018227710399999996 
400 0.036213954100000056 
500 0.04671182829999998 
600 0.06923480059999991 
700 0.10939101570000002 
800 0.16815678269999998 
900 0.21238346730000002 
1000 0.25666084010000023 
1500 0.8735796852999995 
2000 2.0742761734000004 
