2 0.00010210610000000453 
5 0.00011656329999999437 
10 0.00012289310000000443 
15 0.0001735169000000092 
20 0.00023558260000000053 
30 0.00042918789999999427 
40 0.0016868811000000038 
50 0.0017207576000000057 
60 0.002270047999999991 
70 0.0032847246999999913 
80 0.004173683300000008 
90 0.008245978600000014 
100 0.010741461600000002 
150 0.01524836230000004 
200 0.028182660299999995 
300 0.07314700969999996 
400 0.12631913049999996 
500 0.21687631739999985 
600 0.38376500369999994 
700 0.5983867315999998 
800 0.8346987012000001 
900 1.2666325113999997 
1000 1.6855758812000006 
1500 6.150780465299999 
2000 14.695335338600003 
