2 0.000112326299999993 
5 0.00011253439999999171 
10 0.0002278853999999997 
15 0.0001603041999999999 
20 0.00018897749999999825 
30 0.0003012993999999991 
40 0.0007888288999999937 
50 0.0008544100000000054 
60 0.0008768618999999922 
70 0.0012519302000000066 
80 0.0015580545000000111 
90 0.0017812286999999982 
100 0.0022845186000000073 
150 0.007574395600000011 
200 0.017625033700000025 
300 0.017091512200000002 
400 0.028020875699999937 
500 0.055679677399999995 
600 0.07311181040000003 
700 0.10535264609999997 
800 0.15605353210000011 
900 0.20243997349999993 
1000 0.25550501300000017 
1500 0.8123392730999995 
2000 1.8969312449000004 
