2 0.00010761659999999895 
5 8.36219000000027e-05 
10 0.00010890499999999248 
15 0.0002131040000000084 
20 0.00035644079999999634 
30 0.0004022327999999964 
40 0.0010300762000000074 
50 0.0013232312999999995 
60 0.0019717709999999946 
70 0.0028420033000000123 
80 0.003539850600000005 
90 0.004793514300000001 
100 0.005684526700000003 
150 0.013020218600000012 
200 0.02096009419999999 
300 0.06282149399999996 
400 0.1284312027999999 
500 0.22906496820000005 
600 0.42663686490000013 
700 0.6037418875000002 
800 0.8320932919999999 
900 1.205432242500001 
1000 1.6876330444000005 
1500 5.991251003800001 
2000 14.550172967799998 
