2 0.00010490240000001206 
5 9.868379999999899e-05 
10 0.00011571619999999893 
15 0.00016750989999998468 
20 0.00027295380000000313 
30 0.00038830659999999906 
40 0.0010463344999999957 
50 0.001623188400000003 
60 0.0037073252999999863 
70 0.0030900563999999965 
80 0.0037052727999999924 
90 0.004961391299999995 
100 0.007291430600000004 
150 0.014666950600000029 
200 0.024183079399999995 
300 0.06322328429999999 
400 0.12441380869999999 
500 0.2573241569 
600 0.36358073729999985 
700 0.5656360132 
800 0.8313712959000001 
900 1.2111941650000002 
1000 1.6949625325999989 
1500 6.0387288423 
2000 14.6985411989 
