1 0.05272977299999937 0.012146686999997769
5 0.00302039700000023 0.00016187399999978425
10 0.0035813349999997968 0.003238216999999821
15 0.005474401999997269 0.0004556780000015692
20 0.0038257010000002367 0.00023994900000090524
30 0.0037991519999991397 0.00032683499999919263
40 0.002985775000002633 0.0053430169999977295
50 0.004640859999998526 0.0008326180000004513
60 0.0031384999999986007 0.0003241030000005196
70 0.006087713999999522 0.0035173210000003508
100 0.0038230650000024013 0.004407777999997364
200 0.0055802070000012804 0.014732195999997089
300 0.0032106929999997647 0.006646502999998916
400 0.002522699000000017 0.010098639999998937
500 0.0034348020000010138 0.02201157000000009
600 0.005043312999998051 0.007347237000001172
700 0.0036897200000005625 0.0019282129999993458
800 0.006031267000000895 0.0013319620000018517
900 0.004263969000000145 0.0013594500000024823
1000 0.005483324000000067 0.0016715070000010712
2000 0.004455931999999052 0.0027065250000006813
3000 0.005911296999997262 0.003884804000001907
4000 0.005027593000001218 0.007531892999999457
5000 0.008418671000001154 0.0060113130000019055
10000 0.013125751000000463 0.012839137000000278
20000 0.011930706000001123 0.01551851800000037
50000 0.018182821999999987 0.0596583219999971
100000 0.031038509999998354 0.08097931600000052
500000 0.10447841299999894 0.35761052100000157
1000000 0.18571943199999907 0.7401953080000006
5000000 0.9286441019999998 3.7399846130000007
10000000 1.8105182749999997 8.635745919999998
