1 0.05036412600000517 0.011330250999989744
5 0.0025587949999987813 0.0002176909999889176
10 0.003281294000004209 0.0027497009999990496
15 0.0032441729999987956 0.0001712339999926371
20 0.0013837089999952923 0.00015337100001033832
30 0.001586059000004525 0.00014810199999715223
40 0.0033527189999915663 0.003191737000008743
50 0.004189799999991806 0.00021606500000359574
60 0.0018426580000010517 0.00014645799998902476
70 0.001836124000007544 0.0034487889999894605
100 0.004285981999998967 0.0037005559999983006
200 0.0035690409999915573 0.015882214000001227
300 0.002782441000007907 0.007548321000001579
400 0.002609962999997606 0.007714038000003143
500 0.0025911879999966914 0.014046421000003306
600 0.0025512609999935876 0.010366981000004216
700 0.002790153999995937 0.0006872000000015532
800 0.004630410999993728 0.0018050020000117684
900 0.003993554000004451 0.001000791999999251
1000 0.004167715000008343 0.0010036529999979393
2000 0.004541318999997657 0.0031857710000053885
3000 0.003898683000002734 0.004254251000006093
4000 0.003557718000010368 0.006035005000001092
5000 0.005597846999989997 0.004914644000010071
10000 0.008329394000000434 0.007729983999993806
20000 0.00987417099999277 0.016253868000006833
50000 0.01640065900001275 0.03894677299999216
100000 0.025171114000002603 0.07831189399999516
500000 0.10435515199999656 0.3743780459999897
1000000 0.179715084999998 0.7202602739999975
5000000 0.9404925870000085 3.7410250359999964
10000000 1.7974179400000025 7.090432058999994
