1 0.00166112400000884 0.10921079300001679
5 0.0027946020000229055 0.006741318999985424
10 0.0026842339999859632 0.006354802000004156
15 0.0027045839999857435 0.012042772999990348
20 0.0026493899999877613 0.01192032200000881
30 0.0023881620000167914 0.01446099599999684
40 0.002871461000012232 0.015890439000003198
50 0.001382103999986839 0.019230016000022943
60 0.002942564000022685 0.021739789999998038
70 0.002838755999988507 0.028045587000008254
100 0.0022857959999953437 0.041196829000000434
200 0.0024450900000090314 0.06866959600000655
300 0.0028805289999809247 0.09113257700002464
400 0.002339562999992495 0.13632514099998616
500 0.004579908000010846 0.1669216459999916
600 0.0030136839999954645 0.19157251700002575
700 0.0036584730000015497 0.22585758200000328
800 0.0024169460000109666 0.38124529999998913
900 0.016814334999992298 0.43476069700000153
1000 0.0054472799999985 0.45757393300002036
2000 0.002866764000003741 1.5661499539999966
3000 0.004860299999990048 2.7576307520000114
4000 0.005996726000006447 3.455426975999984
5000 0.011986049000000776 4.2745463930000085
10000 0.020331494999993538 21.83626516800001
