1 0.04633829899999853 0.012316894000001355
5 0.004888832000006005 0.0002562269999941691
10 0.004613646000002802 0.00398144100000053
15 0.002404503000001057 0.00023928699999942182
20 0.003037122999998587 0.002537942000003568
30 0.003525989000003449 0.0002033459999992715
40 0.0026824430000047528 0.0033189159999977846
50 0.006246464000000174 0.0006792520000047375
60 0.003188692000001936 0.000294369000002348
70 0.041641716999997413 0.0025456540000021732
100 0.003017988999999943 0.0038201230000041164
200 0.0023417009999988636 0.013706663000000674
300 0.0030461890000026415 0.006762530000003153
400 0.00531730600000202 0.00982705599999889
500 0.0067054370000008134 0.023740216999996733
600 0.0034044220000026826 0.009184787999998889
700 0.002977999999998815 0.0011404700000028356
800 0.005306631999999922 0.001215912999995794
900 0.00546136199999836 0.001136151000004304
1000 0.003804795000000638 0.0009433549999968704
2000 0.0056494730000054005 0.00322741099999746
3000 0.0035580129999956966 0.003958066000002702
4000 0.006498522000001117 0.004908921000001953
5000 0.005438815999994517 0.0053534010000007015
10000 0.007127920999998594 0.011027255000001901
20000 0.014538256999998111 0.024436063999999647
50000 0.013764205999997614 0.0356604490000052
100000 0.0231651630000016 0.09212817299999898
500000 0.09845464299999662 0.35348055299999714
1000000 0.18674542800000182 0.719606413000001
5000000 0.9424828630000022 3.731846852000004
10000000 1.9597057360000036 8.060198236999994
