1 0.0466455920000044 0.011947042000002739
5 0.002553425999991532 0.00013137900000970149
10 0.0038487239999938083 0.002657981999988124
15 0.0034870669999804704 0.000212654000023349
20 0.002145067000014933 0.00015409099998464626
30 0.001658934999994699 0.0001503780000007282
40 0.00380235700001208 0.0038226830000098744
50 0.0034160009999766316 0.00020357400001103088
60 0.003251056999999946 0.0001660599999979695
70 0.0021923550000053638 0.004345246000013958
100 0.004709880999996585 0.0037300879999975223
200 0.0034313379999844074 0.015480491000005259
300 0.0027564939999820126 0.006673739000007117
400 0.002783571000009033 0.008266203999994559
500 0.004673665000012761 0.018558122999991156
600 0.0030458660000078908 0.009667357999973092
700 0.0033033809999949426 0.0008891060000166817
800 0.004732127000011133 0.0009740049999891198
900 0.005040008999998236 0.0012732570000082433
1000 0.004366077000014457 0.0010127749999924163
2000 0.0035418379999896388 0.0028824810000003254
3000 0.005917944999993097 0.003847810999985768
4000 0.003851706000006061 0.00452217299999802
5000 0.006895792999983996 0.003950106000019105
10000 0.0075721760000249105 0.008311364999997295
20000 0.010331833000009283 0.016185003000003917
50000 0.014016634999990174 0.04111455299999989
100000 0.026054840999989892 0.07769501000001355
500000 0.10948897500000498 0.37749802400000476
1000000 0.18048698100000138 0.7473287059999905
5000000 0.9755760020000253 3.9218225039999766
10000000 1.8930638930000043 7.949125838999976
