1 0.0016114270000002762 0.09751339700000017
5 0.0016699169999583319 0.003907645000026605
10 0.0027338909999912175 0.006251203000033456
15 0.0016890829999738344 0.006666983000002347
20 0.0037140829999771086 0.010375060000001213
30 0.001966502000016135 0.012969106000014108
40 0.002244563000033395 0.01390347199998132
50 0.0012335729999790601 0.01796638000001849
60 0.0012290370000300754 0.019368443000018942
70 0.0026859749999630367 0.023198379999996632
100 0.0026342319999912434 0.035237096999992445
200 0.002655962999995154 0.07630111499997838
300 0.002736704999961148 0.09874529800003984
400 0.0031021200000509452 0.14147199999996474
500 0.0027747419999855083 0.1570697920000157
600 0.002512921999993978 0.1997206290000122
700 0.0026500399999918045 0.23454297099999621
800 0.002112395999972705 0.2744968910000125
900 0.0027636990000132755 0.3019344789999536
1000 0.0024632420000330058 0.329035996000016
2000 0.0022315450000292003 0.9003099969999653
3000 0.0031304129999512043 1.7021114050000392
4000 0.002681042000006073 2.591568245000019
5000 0.013933532000010018 4.219268677999992
10000 0.016651777000049606 19.213035979999972
