1 0.0019819750000067415 0.12369919200000368
5 0.004464839999997139 0.0042433200000004945
10 0.003929338000006055 0.011180319999994026
15 0.002416745000004994 0.010911939000010307
20 0.0025995880000095895 0.012644940999990695
30 0.003255298999988554 0.014285189000020182
40 0.0024415169999940645 0.01873813700001392
50 0.002608140999996067 0.015226917999996203
60 0.0018326739999849906 0.025787788000002365
70 0.0030730450000078235 0.02757538500000578
100 0.003136522999994895 0.03681630299999483
200 0.003674925000012763 0.0846985709999899
300 0.004896435999995674 0.10951996599999347
400 0.005855878000005532 0.1386477179999872
500 0.0029457419999801004 0.16608594199999516
600 0.003102209999980232 0.1841596190000132
700 0.0032653570000036325 0.2145055139999954
800 0.0031227910000097836 0.27837763599998766
900 0.0030423759999962385 0.31628366399999663
1000 0.002884301999984018 0.38386574800000517
2000 0.00348451699997554 0.9205441490000226
3000 0.005414146000020992 1.6438459719999798
4000 0.00665705100001901 2.5421697849999987
5000 0.013483749000016587 3.8325057579999964
10000 0.01864933199999541 17.64460858800001
