1 0.05248070399999705 0.01160292699999843
5 0.0025582000000028415 0.00017364800000052583
10 0.003581689000000665 0.002371861000000308
15 0.0025322470000048725 0.0016905299999976364
20 0.004195312000000229 0.00018490300000451043
30 0.0019716069999944352 0.0003268140000045605
40 0.0036957549999954153 0.0029778940000042553
50 0.0034229449999969574 0.0001719919999985109
60 0.00201742199999444 0.00023208700000054705
70 0.0016434979999999655 0.003200108000001478
100 0.00500823000000139 0.003755278999996392
200 0.00242063700000017 0.016268136000000766
300 0.002830667000004894 0.007853034999996567
400 0.0026644860000004655 0.007435465000000363
500 0.0038259740000015086 0.016105953000000284
600 0.002905916000003117 0.008894738999998708
700 0.006487503000002448 0.0009295219999998494
800 0.0051551809999992315 0.000973518000002116
900 0.006360738000005028 0.0017452779999942436
1000 0.005122178999997118 0.0016340590000041288
2000 0.004120436000000893 0.0020482830000005947
3000 0.007481959000003258 0.00491338799999852
4000 0.007165178999997579 0.005498647000003132
5000 0.007406938999999113 0.0061658150000027945
10000 0.007797541000002184 0.00888289499999928
20000 0.009989237999995737 0.018224138000000778
50000 0.015543411999999535 0.0531751749999998
100000 0.027039291999997772 0.08910388299999994
500000 0.10539673499999935 0.3496651049999997
1000000 0.1878046900000001 0.7455534290000045
5000000 0.956516041999997 3.7362514400000038
10000000 1.7912663420000001 7.931847011000002
