1 0.001738204000000021 0.0002641829999999734
5 0.0022506059999999883 0.006238950000000021
10 0.00511030400000001 0.009583178999999997
15 0.006290555000000031 0.014850040000000009
20 0.0034948519999999927 0.012962911999999993
30 0.0037576799999999855 0.01581116199999999
40 0.00473642800000007 0.016152681999999974
50 0.0031436630000000187 0.018837541000000013
60 0.004093757000000031 0.020077632000000012
70 0.002929859999999951 0.021697837000000053
100 0.0030000179999999377 0.03050762699999998
200 0.003154260999999936 0.067434844
300 0.0021201459999999894 0.08707715400000005
400 0.0025304010000000154 0.11323505899999997
500 0.002332237999999931 0.16530954200000003
600 0.0023618180000000155 0.21016704199999992
700 0.0036859409999998594 0.2290379010000001
800 0.0029838490000000384 0.2949513719999999
900 0.002552832000000116 0.33627593099999986
1000 0.002578478999999856 0.32748890500000005
2000 0.00238985600000019 0.9906726689999998
3000 0.004044786999999772 1.9131179360000004
4000 0.0032375189999998 2.660499929
5000 0.01409728500000007 4.208906267
10000 0.017236336999999935 23.129756122000003
