1 0.043878413000001615 0.013761088000009636
5 0.0015747209999972256 0.0001481639999951767
10 0.0017547469999925625 0.002570254000005434
15 0.00178634299999203 0.00012960100001180308
20 0.0016992970000018204 0.0003939030000026378
30 0.0030673059999912766 0.0007510550000091598
40 0.0036577230000034433 0.003573293000002309
50 0.002193337000008455 0.0001821510000041826
60 0.001686012999996933 0.00033218800000156534
70 0.004417897999999809 0.003263422000003402
100 0.003797636000001603 0.0035735100000096054
200 0.002437977999989016 0.015108859000008579
300 0.0036107970000074374 0.00589425100000085
400 0.0024635990000092534 0.009286517999996136
500 0.0026718589999887854 0.013942438000000834
600 0.0025622560000044814 0.009390844999998649
700 0.003618087999996078 0.0006219710000010537
800 0.0038080460000031735 0.0005949589999971749
900 0.0026153399999913063 0.0013589039999999386
1000 0.0036308349999956135 0.0016075130000103854
2000 0.004223539000008714 0.0028325029999933804
3000 0.002862319999991314 0.003699537000002806
4000 0.004313410999998268 0.004118220999998812
5000 0.004211760000004006 0.003891878999993992
10000 0.007317327999999179 0.006684368999998469
20000 0.008534366999995768 0.013777286000006939
50000 0.013633190999996714 0.0431418280000031
100000 0.021854422999993517 0.0799187570000015
500000 0.11287350100000992 0.3744587139999993
1000000 0.1875157049999956 0.7335890850000055
5000000 0.9300367999999963 3.739298411000007
10000000 1.7932092799999992 7.225158070000006
