1 0.04941450700000871 0.01264742499999727
5 0.0032835239999968735 0.00013356099999839444
10 0.004010785999994937 0.00326674700001206
15 0.003980482000002894 0.00014500599999678343
20 0.0027475330000044096 0.0001463369999896713
30 0.005725939999990715 0.00019264000000873693
40 0.004599389999995651 0.003963275999993243
50 0.0062863299999946776 0.0002634390000082476
60 0.005071309000001634 0.0005515760000065484
70 0.0029379049999960216 0.00271599200000594
100 0.004469892999992453 0.003099883000004411
200 0.0025486450000045124 0.016014040000001728
300 0.0024341900000024452 0.007014275000003067
400 0.002850638999987609 0.007118078000004857
500 0.0025394210000087014 0.013512700999996241
600 0.00454133299999171 0.009799029000006954
700 0.0025163359999993418 0.0006244389999920941
800 0.004873703000001228 0.0016222269999985883
900 0.003329329999999686 0.0006417959999964751
1000 0.0022506039999967697 0.0018195109999936676
2000 0.002569970999999782 0.0029766659999950207
3000 0.004502837999993403 0.004194964999996387
4000 0.003539500000002249 0.006285961999992651
5000 0.00425003499999832 0.0053500409999998055
10000 0.007802451999992854 0.008263059000000794
20000 0.009931971000000317 0.015716578999999342
50000 0.015035975000003532 0.038661839999988956
100000 0.02968634900000211 0.08294674700000826
500000 0.1128041310000043 0.3672613899999959
1000000 0.1781657070000051 0.6994015359999963
5000000 0.9579148010000011 3.6772068739999924
10000000 1.792139160000005 7.300510935999995
