1 0.04931011299999 0.0129145909999977
5 0.002764859999984992 0.00019683900001155052
10 0.0028562770000064575 0.003791961000018773
15 0.002632186999989017 0.00022326900000280148
20 0.0027783989999932146 0.0002683190000141167
30 0.004917156000004752 0.00023825200000260338
40 0.0021732019999944896 0.0032963980000033644
50 0.0035304309999730776 0.00025371800001039446
60 0.0032307629999763776 0.000181816000008439
70 0.003354341000004979 0.003183161999999129
100 0.004695499999996855 0.0046219980000046235
200 0.004285310999989633 0.017727866000001313
300 0.0030787869999926443 0.007735964999994849
400 0.00395843900000159 0.008928525000015952
500 0.004964945000011767 0.016656495000006544
600 0.0034788480000145228 0.012103869999975814
700 0.004064929999998412 0.0017781789999844477
800 0.0035251169999810372 0.0010301300000037372
900 0.005542352000020401 0.0007634520000010525
1000 0.0044191510000075596 0.0009433559999934005
2000 0.008657094999989567 0.0031281830000011723
3000 0.005900810000014189 0.004643251999993936
4000 0.006346844000006513 0.004986116999987189
5000 0.006094938000018146 0.005855827000004865
10000 0.0055298050000089916 0.010666913999983763
20000 0.008594623000021784 0.0160020950000046
50000 0.017120954999995774 0.040449104999993324
100000 0.02355940299997883 0.07408443700001044
500000 0.09933810100000073 0.3638452029999826
1000000 0.18493896600000426 0.6987182459999985
5000000 0.9402667699999938 3.764796065000013
10000000 1.79978092799999 7.480533806000011
