1 0.04739511899998661 0.012266269999997803
5 0.0029997449999825676 0.00020211599999697683
10 0.0018470880000052148 0.003652310999996189
15 0.0025573300000019117 0.00014833900002031442
20 0.0019274979999863717 0.0003944070000159172
30 0.003469171999995524 0.00018590999999901214
40 0.001960789999998269 0.004098382999984551
50 0.0031690900000000966 0.0002155070000071646
60 0.002095439000015631 0.00016375100000232123
70 0.003634355999992067 0.003208571000016036
100 0.0031256409999969037 0.0037115800000151467
200 0.003288226999984545 0.015360775999994303
300 0.0023860729999967134 0.0063110830000141505
400 0.004403985999999804 0.0074656799999957
500 0.0029155180000088876 0.019764581999993425
600 0.003644274000009773 0.011086364999982834
700 0.006081569999992098 0.0010641050000117502
800 0.005448247000003903 0.0015367260000118677
900 0.005899454999990894 0.0009550310000179252
1000 0.004742253000017627 0.0011092689999827599
2000 0.005107164000008879 0.0036225389999913205
3000 0.006499810999997635 0.0030898380000223824
4000 0.0038983830000063335 0.00527121499999339
5000 0.004269661999984464 0.004637163000012379
10000 0.007309228000025314 0.008490572999988899
20000 0.011567446000015025 0.015895925999984684
50000 0.020403420000008055 0.0527644819999864
100000 0.024736503000013954 0.08528584599997657
500000 0.10549069600000394 0.3533150620000072
1000000 0.19113944200000788 0.7373324479999894
5000000 0.9465720449999822 3.7901936199999966
10000000 1.795453858000002 7.637264299999998
