1 0.002126898999989635 0.13992562100000328
5 0.0032561330000078215 0.005735297000001083
10 0.003052391000011312 0.00439185999999836
15 0.0026095239999790465 0.012960116000016342
20 0.0030728940000130933 0.011138711000000967
30 0.0034094670000115457 0.014028162999977667
40 0.003452052999989519 0.02205734800000414
50 0.0024996079999937137 0.020771254999999655
60 0.0020570580000196514 0.02331825999999637
70 0.004610588999980791 0.028117580000014186
100 0.0035602590000110013 0.04173114700000724
200 0.0033435120000149254 0.0759671269999842
300 0.0032411039999828972 0.09087705100000676
400 0.002522437999999738 0.11655935400000317
500 0.0029591500000094584 0.1463499259999992
600 0.003153127999979688 0.225806375000019
700 0.0029151429999956235 0.215473645000003
800 0.0035606600000051003 0.2977494320000176
900 0.0037690449999843167 0.29652763300001084
1000 0.0031717119999825627 0.35703472800000213
2000 0.0033910159999948064 0.8840950499999849
3000 0.004073051999995414 1.606748140999997
4000 0.00399669000000813 2.503092410999983
5000 0.012581394999983786 3.7089770550000196
10000 0.01682216100002165 17.287911941999994
