1 0.0017906349999999849 0.00038507399999998526
5 0.002486717000000027 0.004358050999999974
10 0.004503759999999968 0.006395441000000002
15 0.004220879000000011 0.008805037999999987
20 0.0032955300000000465 0.011122638000000018
30 0.003290636999999985 0.013247731000000096
40 0.0030383130000000147 0.016771724000000043
50 0.0028974309999999504 0.02008968100000008
60 0.0030454890000000123 0.02436965000000002
70 0.0027788269999999837 0.027199097000000005
100 0.003402141000000025 0.036556537999999916
200 0.0031571769999998445 0.0719007840000001
300 0.003208423000000016 0.09859168399999985
400 0.002588896000000007 0.11399237899999992
500 0.00284881299999995 0.14152564899999986
600 0.002984364000000017 0.22469533000000008
700 0.0035649989999999576 0.23869114600000008
800 0.0028710259999999987 0.26292291199999984
900 0.0032819439999998146 0.3354506800000001
1000 0.002956624999999935 0.339498737
2000 0.003581690000000304 0.8748383339999997
3000 0.005228701999999696 1.679694516
4000 0.00430649900000013 2.412845012
5000 0.012477597999999368 3.754164709000001
10000 0.019225148000000303 22.385311865000002
