1 0.05186963600000283 0.011710048999997724
5 0.0029030109999972353 0.00020659800000188966
10 0.004030687000000199 0.004630089999999143
15 0.0038197689999996953 0.0002250499999973954
20 0.0023138819999992677 0.0001504949999997507
30 0.005082440000002464 0.0002142019999986644
40 0.0027345990000000597 0.005382615000002033
50 0.003060663000002961 0.00032719299999683926
60 0.0047213429999999335 0.0002674089999992191
70 0.004731999000000542 0.006033929000000882
100 0.0061040230000024565 0.003654891000000049
200 0.004499520999999618 0.015375635000001608
300 0.0033392620000007867 0.008962529999998026
400 0.0037218800000005103 0.009958663999999118
500 0.00348758099999813 0.018073144999998902
600 0.01160901800000147 0.012332918999998554
700 0.005155733999998802 0.0015519170000004578
800 0.0032090579999994873 0.0012227100000004043
900 0.0034090849999977024 0.0010858190000000434
1000 0.005928076000000004 0.001470737000001776
2000 0.0037812529999996514 0.003085597999998413
3000 0.006258881000000827 0.002618480999998951
4000 0.003941281999999546 0.005035261999999818
5000 0.008838293000000164 0.005553189000000458
10000 0.010578669000000929 0.00784587899999778
20000 0.009314598000003116 0.019380289999997302
50000 0.019677885000000117 0.050732308000000614
100000 0.03596507800000026 0.0930141649999996
500000 0.09670271799999952 0.35763524200000063
1000000 0.18854256199999853 0.7477327600000017
5000000 0.9685234910000027 3.6866733659999973
10000000 1.7555888989999993 8.739056427000001
