1 0.04628950699999734 0.01826884300000131
5 0.002199494000002744 0.0017793539999999552
10 0.0032274030000039033 0.0023131190000000856
15 0.0031601999999963937 0.0002345270000034816
20 0.002267240999998421 0.0001431749999980525
30 0.0019607609999994224 0.00029860000000070386
40 0.003805534999997917 0.003759219999999175
50 0.002699505999999019 0.00016860499999893364
60 0.004526572000003171 0.0002009040000032769
70 0.0020925239999982637 0.0037004610000010985
100 0.003456656999993868 0.003636299000000065
200 0.0032487860000003366 0.01505173000000326
300 0.0028104410000011626 0.007025241000000904
400 0.0028432659999992893 0.007388714999997603
500 0.003860344999999654 0.0130435709999972
600 0.0039099039999968 0.01095471100000367
700 0.05516058199999918 0.0005330780000036839
800 0.004657854999997824 0.0012258870000039224
900 0.004296629999998913 0.0026412890000031553
1000 0.004912519999997755 0.0016603170000024647
2000 0.0053588689999983785 0.0041590100000021835
3000 0.004281468999998594 0.004317106999998543
4000 0.012605870000001573 0.00443181500000378
5000 0.006579764000001376 0.004953193999995165
10000 0.009747893000003671 0.011318162999998549
20000 0.012160416000000396 0.015638223999999923
50000 0.013896994999996082 0.045409865999999965
100000 0.030524843000002022 0.08390811499999984
500000 0.10364932600000287 0.3508501640000006
1000000 0.18716967400000328 0.7239046859999974
5000000 0.949040238000002 3.7887498489999984
10000000 1.766235866999999 7.490394728999995
