1 0.04562348599999666 0.011819574000000443
5 0.0029083169999921665 0.0002021770000055767
10 0.004393938999996294 0.003819594000006532
15 0.0048154379999942876 0.00022049400000412334
20 0.004010413000003155 0.0002073080000002392
30 0.002904788000009262 0.0002690279999910672
40 0.00566937999998629 0.004252622000009865
50 0.003345047999999906 0.00026227100001108283
60 0.005368481999994401 0.00024899299999958657
70 0.005154435999997986 0.004007141000002434
100 0.002961783000003493 0.004809676000007812
200 0.005691374999997834 0.015023314000004007
300 0.003755440999995585 0.006616053000001898
400 0.0055737319999877855 0.008803136000011591
500 0.004539201000000048 0.019623791999990203
600 0.002142906999992533 0.008935097999994923
700 0.0037375149999974155 0.0006222210000004225
800 0.003932688000006124 0.0010403790000026447
900 0.0036189580000041133 0.0011250809999978628
1000 0.00429946200000586 0.0011875069999973675
2000 0.0040404379999898765 0.002178014000008943
3000 0.005598460000001637 0.002452520999995045
4000 0.005375035999989564 0.004723162000004777
5000 0.005733429000002843 0.006086832999997682
10000 0.006272869999989439 0.007946670000009703
20000 0.008007594000005724 0.015482929000000922
50000 0.01737784600000225 0.04014959699999565
100000 0.024261178999992694 0.081795323999998
500000 0.11289776099999926 0.37962083899999755
1000000 0.1834718789999954 0.7070136400000138
5000000 0.9597430849999995 3.7490810859999897
10000000 1.861452411000002 7.6589558299999965
