1 0.0023697320000053423 0.14478020100000322
5 0.003120077999994919 0.004362956999997891
10 0.00374375799999882 0.00698301700001025
15 0.0037820329999931346 0.009035397000005219
20 0.0038231190000033166 0.011746949999988487
30 0.003157213999998021 0.01488734600000896
40 0.0032789250000035963 0.01704284699999903
50 0.0025092250000113836 0.01607227099999875
60 0.001751947000002474 0.023796250999993163
70 0.0031353079999973943 0.02725350499999024
100 0.0034091429999989487 0.03755596400000627
200 0.003376564000006965 0.0754669210000003
300 0.004545509999999808 0.10353841299999544
400 0.0026149269999962144 0.1347916619999978
500 0.0019419420000019727 0.1757360499999976
600 0.0028340810000031524 0.19467695999999535
700 0.0030361750000054144 0.22053731599999082
800 0.003070974999999976 0.30603212299999427
900 0.0035980680000022858 0.31771429300000875
1000 0.0029866799999922478 0.373196968000002
2000 0.0034460470000112764 0.8931663519999944
3000 0.0058793669999914755 1.658448791000012
4000 0.005153039999996167 2.5709408310000015
5000 0.01349923099999728 3.8743731739999987
10000 0.027240636000001928 17.653994928999992
