1 0.0016731099999999222 0.0005738500000000979
5 0.0022139079999999867 0.0004020399999999924
10 0.0025015139999999825 0.0004093370000000096
15 0.0030847900000000594 0.0002610799999999136
20 0.0028847389999999695 0.00024540100000003395
30 0.002341181999999997 0.00021877799999991954
40 0.003901004000000041 0.0002929539999999564
50 0.0034391999999999756 0.00037686300000006057
60 0.002872632999999958 0.00019894300000000698
70 0.004655313000000105 0.0005288739999999015
100 0.0033953559999999605 0.00030017100000001573
200 0.0037966050000000084 0.0004388189999999792
300 0.003139939999999952 0.000494168000000017
400 0.005508214000000011 0.0006432390000000732
500 0.005638197999999983 0.0004038580000000902
600 0.004788961000000036 0.0007621339999999144
700 0.005587089000000045 0.0007519499999999457
800 0.0055391960000000795 0.0013633399999999352
900 0.005312425000000065 0.0010980139999998695
1000 0.008179922000000062 0.0015592220000000268
2000 0.006010921000000113 0.0030526129999999263
3000 0.006695455000000017 0.006949941999999876
4000 0.006485231000000091 0.005314829000000021
5000 0.005660682999999889 0.006845546000000091
10000 0.008545671999999893 0.015649354000000004
20000 0.012993164999999918 0.020657048999999983
50000 0.016872216999999967 0.04868805499999995
100000 0.029647403000000017 0.10665959199999997
500000 0.1513257480000001 0.43306882999999985
1000000 0.27143479599999987 1.022257733
5000000 1.20551348 4.575418084
10000000 1.8390882739999999 9.300132047
