1 0.046927109999998606 0.012640632000000096
5 0.0027936080000046104 0.0002008919999951786
10 0.0037247750000091173 0.002747209999995448
15 0.0026980920000028163 0.00020672200000149132
20 0.003764267999997628 0.00016473399999483718
30 0.003908218000006514 0.00023753399999293379
40 0.0025979760000041097 0.002769110999992108
50 0.0033645390000032194 0.00023550000000227556
60 0.0027755349999978307 0.00020730699999660374
70 0.004514755000002424 0.0028118139999975256
100 0.00380920099999571 0.004044128000003866
200 0.0038487260000010792 0.014685911999990253
300 0.0026563290000041206 0.0057101749999901585
400 0.002916558999999097 0.009013816000006614
500 0.0031535800000028757 0.01712191500000415
600 0.0037650769999970635 0.009824718000004395
700 0.005407399000006308 0.0011573959999964245
800 0.007746994999990875 0.0011448430000058352
900 0.005847190000011437 0.0015455199999934166
1000 0.007528794999998922 0.001653853999997068
2000 0.0066637070000012955 0.002500772999994183
3000 0.005668565000007675 0.0031299019999977418
4000 0.004092157999991741 0.004597760000009998
5000 0.006432090000004109 0.002942875000002232
10000 0.006166989999996986 0.007483860999997205
20000 0.00859480599999074 0.016548513000003595
50000 0.013934039000005782 0.04063302400000168
100000 0.024146001999994837 0.08355295700000909
500000 0.11451985999998726 0.3835939050000121
1000000 0.19246782500000847 0.7079369619999909
5000000 0.9745561060000085 3.734474727999995
10000000 1.8122693709999993 7.588550336999987
