1 0.04433266499999888 0.012195040999998241
5 0.0030562359999990463 0.0001928220000024794
10 0.0036684129999997594 0.004700440999997113
15 0.003883408000000088 0.00017662700000187215
20 0.0026968439999990323 0.00013963100000324857
30 0.003712970000002258 0.000215072999999677
40 0.0029021219999947334 0.004592542000004585
50 0.0030389120000009484 0.0002560120000012489
60 0.004406559000003085 0.00023691999999897462
70 0.0026047220000009474 0.005242797000001076
100 0.0034941390000042816 0.004232201000000657
200 0.003755158000004144 0.015785545999996486
300 0.004822469000004048 0.006644141999998965
400 0.0034709159999977146 0.009101780000001725
500 0.003081817999998293 0.01623548300000266
600 0.003443154000002835 0.011915088999998602
700 0.005424361000002875 0.0008526139999958104
800 0.005884152000000142 0.002095337000000086
900 0.005173777000003099 0.0009830440000015983
1000 0.0034173629999969535 0.0010493170000032137
2000 0.005839289000000747 0.0029233669999939593
3000 0.0037455470000011815 0.004343087999998829
4000 0.005024204999998005 0.004731624000001489
5000 0.006106515999995565 0.004717580000004773
10000 0.007112143999997045 0.008790541000003316
20000 0.009203999999996881 0.016364557999999363
50000 0.014929260000002387 0.03987784499999947
100000 0.023971720999995227 0.07614637600000407
500000 0.09849804299999931 0.3876303129999954
1000000 0.18196079899999518 0.7299700320000042
5000000 0.9512793640000012 3.696352673
10000000 1.793473419999998 7.606910135
