1 0.0028102630000148565 0.10158331699997802
5 0.0032399789999999484 0.009238682000017207
10 0.002784821000005877 0.009418406999998297
15 0.00386944299998504 0.018613289000001032
20 0.00312721400001692 0.015539419999981874
30 0.0025669380000010733 0.019235834999989265
40 0.002880445000016607 0.02666576699999723
50 0.003536605999983067 0.028331659000002674
60 0.003403652999992346 0.03542155400000979
70 0.0032505709999952614 0.03389055400000984
100 0.002284148000001096 0.042302315999990014
200 0.003311499999995249 0.08501073600001519
300 0.0039077369999915845 0.10744785599999318
400 0.0032995300000209227 0.13493671499998072
500 0.002780051000002004 0.167395995999982
600 0.0022246999999993022 0.1817127399999947
700 0.002498897999998917 0.21658939899998586
800 0.0014665960000002087 0.26858165900000586
900 0.0023352310000177567 0.38178810799999496
1000 0.005524523999980602 0.39710433500002296
2000 0.0026826459999824692 0.9681636850000075
3000 0.004373651000008749 1.8509662060000096
4000 0.006143992999994907 2.712867318000008
5000 0.012114241000006132 4.632920614
10000 0.017837370999984614 19.679251306999987
