1 0.0017152480000000025 0.0001665480000000441
5 0.002239199000000025 0.00021819599999994832
10 0.0032207129999999307 0.0004546090000000502
15 0.0044361809999999835 0.00030567900000000314
20 0.004431343000000032 0.00023832800000000987
30 0.004582684000000059 0.00026364099999998114
40 0.002855896999999996 0.0006164009999999331
50 0.0069576640000000856 0.00026635299999999695
60 0.004757769000000023 0.0003002410000000344
70 0.004729777000000102 0.0003058119999999054
100 0.006444557999999989 0.001069516000000048
200 0.004983892000000045 0.0004670879999999489
300 0.003307038999999956 0.0004284700000000141
400 0.005399513999999939 0.000665473000000083
500 0.003474854999999999 0.0010198169999999784
600 0.0038742019999999933 0.0013501150000000406
700 0.005820217999999988 0.001211626999999993
800 0.00369747499999995 0.0010963659999999598
900 0.004795199000000028 0.002064705
1000 0.005873202000000077 0.001994021999999984
2000 0.005713146000000058 0.0032365289999999325
3000 0.00488129100000001 0.003811530999999979
4000 0.0052210929999999545 0.005243522999999972
5000 0.006615215000000063 0.006294704999999956
10000 0.010837685000000041 0.01131207199999995
20000 0.01211504699999999 0.01726252500000003
50000 0.018981423000000053 0.04115124999999997
100000 0.025106870000000114 0.08312950299999988
500000 0.10090455500000006 0.40828449
1000000 0.18159753899999997 0.7108485510000002
5000000 0.9405932470000002 3.665528039
10000000 1.791281155000001 8.517244095999999
