1 0.0024211580000041977 0.1522213000000079
5 0.0025711659999956282 0.002240838000034273
10 0.0036660659999938616 0.004256994000002123
15 0.001925541999980851 0.012109914000006938
20 0.0021037070000033964 0.011769255999979578
30 0.0022351970000045185 0.01194904599998381
40 0.0026924389999862797 0.013796577999983128
50 0.0016379090000100405 0.01716131199998472
60 0.00209826999997631 0.020992181000053733
70 0.0034942810000302416 0.025661915999990015
100 0.0026166959999613937 0.03578714799999716
200 0.0028653100000042286 0.07584553899999946
300 0.003356988000007277 0.0958727209999779
400 0.0017419519999748445 0.1145984870000234
500 0.0017403279999825827 0.14201966299998503
600 0.0027912159999914365 0.17429835100000446
700 0.0026883040000029723 0.25171413700002176
800 0.00236326200001713 0.2712834579999708
900 0.006044642000006206 0.29774955600004205
1000 0.0037676200000191784 0.35072518599997693
2000 0.0043872499999793035 0.8960518850000199
3000 0.004059548999975959 1.5950892769999996
4000 0.0050065529999869796 2.4872336319999704
5000 0.01567424000000983 3.7556857419999687
10000 0.020297012000014547 17.614009624000005
