1 0.002070044999996412 0.1036894009999969
5 0.00216891200000191 0.004901420999999573
10 0.0025059039999888455 0.004775430999998775
15 0.002559179000002132 0.007198646999995617
20 0.0030799320000056696 0.009139036999997074
30 0.003283886999994934 0.01071581300000446
40 0.002029061000001775 0.014103896999998256
50 0.003966242000004172 0.017881114999994452
60 0.002242948000002798 0.022923052999999527
70 0.0020426950000000943 0.02694904999999892
100 0.0026986639999933004 0.036372415000002434
200 0.00231466600000374 0.07132235599999603
300 0.0023316900000054375 0.09829012599999487
400 0.0039594329999914635 0.1308160570000041
500 0.001380949999997938 0.1664920640000105
600 0.002451698999990981 0.18154507699999556
700 0.0023966020000045773 0.2138189309999916
800 0.002470324000000801 0.25796919500000115
900 0.0024367210000093564 0.30685059299999295
1000 0.0015205369999904406 0.37885081500000695
2000 0.0026392970000017613 0.9661882219999995
3000 0.0035979620000006207 1.8145633860000032
4000 0.00326400800000215 2.801297598000005
5000 0.011899971999994818 4.232456374000009
10000 0.019534379999996077 20.37293040499999
