1 0.004110769000000403 0.17390050499999887
5 0.0030345839999981195 0.006279245000001765
10 0.0028388350000057017 0.008875519000000054
15 0.0031850069999990183 0.010600834000001669
20 0.002537012000004779 0.01255555899999905
30 0.004458362999997689 0.013603164999999251
40 0.003058685999995703 0.01909391800000293
50 0.005203715999996916 0.023958354000001236
60 0.003045444000001396 0.023739943999999014
70 0.0035346969999991984 0.02737504599999596
100 0.003252508000002763 0.03602606300000133
200 0.003402907000001676 0.09889917099999934
300 0.008328062999993335 0.11398580800000246
400 0.0031696380000028057 0.16464404799999954
500 0.002847122999995122 0.16034889600000213
600 0.00290361499999392 0.1881268320000018
700 0.003163106000002358 0.23764789899999528
800 0.003807432999998639 0.2784537540000045
900 0.003649178999999947 0.3301708939999983
1000 0.0030704650000004108 0.3654204560000025
2000 0.0033220190000022853 0.9317015389999952
3000 0.0056102590000008945 1.6643589059999968
4000 0.0059786959999996725 2.5198677249999974
5000 0.014747906000003752 3.8009541599999963
10000 0.01829128899999688 18.472730510000005
