1 0.045042030999994154 0.013638022999998611
5 0.0030109750000093527 0.0002377539999969258
10 0.004513066999990656 0.0029452090000035014
15 0.004153063000003954 0.00021027200000389712
20 0.002823935999998639 0.00020797400000560629
30 0.0029488580000105458 0.0005530170000014323
40 0.004404117999996515 0.004295135999996091
50 0.003269287000009058 0.0002371169999975109
60 0.005169147000003704 0.00019128600000328788
70 0.0035551440000034518 0.004103698999998073
100 0.0051592939999949294 0.003939825000003339
200 0.003951675000010368 0.016047856999989563
300 0.003310459999994464 0.008908744999999385
400 0.0030225680000057764 0.009065422999995576
500 0.0037045519999878707 0.019373927000003732
600 0.0046937810000002855 0.011456895999998551
700 0.0037988750000010896 0.002666893000011328
800 0.005326277000008872 0.001114199999989296
900 0.006380602999996654 0.0009735339999963344
1000 0.00503947500000379 0.0012005210000012312
2000 0.00842196899999692 0.003365275000007273
3000 0.004910827000003337 0.006311644000007277
4000 0.005738332999996487 0.005722398999992606
5000 0.008815154999993524 0.005796556000007058
10000 0.010047581999998556 0.011070124999989162
20000 0.011465721999996958 0.024372643000006633
50000 0.016476257000007877 0.04849948099999324
100000 0.026614303000002337 0.08805412700000659
500000 0.0931423890000076 0.3739843740000026
1000000 0.19194839399999353 0.7231273350000009
5000000 0.9478506899999957 3.8155605500000007
10000000 1.7969832449999927 7.848245345000009
