1 0.001959216000003039 0.12269626199999095
5 0.003059570999994321 0.004337790000008113
10 0.002773716000007198 0.00726023599999337
15 0.002033390999997664 0.009463474999989785
20 0.003259381000006556 0.011666699999992147
30 0.004082365000002142 0.01263775799999678
40 0.004185141000007775 0.016874678999997172
50 0.003320130000005861 0.02012203099999965
60 0.0026423430000050985 0.024386282999998343
70 0.004106285999995407 0.030296695999993517
100 0.0022500720000095953 0.03666571199998714
200 0.0024590550000027633 0.07518633200000124
300 0.0041515559999965035 0.113880328999997
400 0.0026480429999935495 0.11227295500000878
500 0.0025025210000109155 0.15057203399999253
600 0.004335584000003223 0.2198316759999983
700 0.0018275720000104911 0.2186524640000016
800 0.002864582000000837 0.2662768160000013
900 0.005016520000012292 0.31248977499998887
1000 0.0030653740000019525 0.38244724099999416
2000 0.0037573640000090336 0.9322783519999973
3000 0.005119238000006021 1.6951920269999903
4000 0.00460977100000548 2.4424808570000067
5000 0.015063832000009825 3.7320646800000077
10000 0.018554992999980868 17.35261836800001
