1 0.001935345000021016 0.1483847380000043
5 0.0030220019999944725 0.004791195999985121
10 0.003290276000001313 0.00789810399999169
15 0.0036101420000136386 0.009446701999991092
20 0.003571415999999772 0.010238274000016645
30 0.003236949000012146 0.01406328400000234
40 0.002366943000026822 0.016953682999997
50 0.004729085999997551 0.02149180700001807
60 0.0022021670000071936 0.025505250000009028
70 0.0030198610000127246 0.02629346999998461
100 0.0028390420000050653 0.03731357300000582
200 0.002262805000015078 0.07122060099999317
300 0.0018237600000077236 0.08373337700001571
400 0.003945477000002029 0.13850250199999437
500 0.0023480210000172974 0.1635216369999739
600 0.0022954840000011245 0.17638266000000158
700 0.004031023999999661 0.21647877099999846
800 0.0031438689999845337 0.2893496720000144
900 0.003054523999992398 0.3088078130000156
1000 0.003024219999986144 0.3564648619999957
2000 0.002458622999995441 0.8773749310000198
3000 0.005959629999978233 1.638487557000019
4000 0.00573095100000387 2.401056605000008
5000 0.014075679999990598 3.7195306780000124
10000 0.01814706799999044 17.726075476999995
