1 0.003921806999983346 0.09838322100000596
5 0.002313076000007186 0.005578082999988965
10 0.0024401500000124088 0.007100151000003052
15 0.003186587000016061 0.009601188000004868
20 0.002323044999997137 0.0076366460000087955
30 0.00285017499999185 0.012838981000015792
40 0.002134619000003113 0.014283380999984274
50 0.0022094240000001264 0.016888571999999158
60 0.003038732999982585 0.024614520000000084
70 0.002917024999987916 0.027150530000000117
100 0.002055955000002996 0.03711388300001772
200 0.0027255650000199694 0.07319875700000011
300 0.002908687000001464 0.11018253200001027
400 0.0034611629999972138 0.11694424600000275
500 0.0025795459999926607 0.14501571799999624
600 0.0023802529999841227 0.2034126839999999
700 0.0016186319999746956 0.2945780020000086
800 0.00294475999999122 0.3212611810000112
900 0.0027975840000067365 0.3210079559999883
1000 0.003730919999981097 0.35199216500001285
2000 0.0028035920000206715 1.0566168539999978
3000 0.0034554830000104175 2.1402626459999965
4000 0.004711165000003348 3.058696488999999
5000 0.012532120000003033 4.20302147999999
10000 0.016489642999999887 18.67479001800001
