1 0.04928096999999809 0.014188341000007654
5 0.0036630720000090378 0.00020167699999262823
10 0.0034206769999940434 0.005245564999995622
15 0.002723685000006526 0.001673615000001405
20 0.004372838999998407 0.0016663540000081412
30 0.005336987999996268 0.0002350540000009005
40 0.003526195999995707 0.004143322000004446
50 0.006454578000003153 0.00020189999999331576
60 0.00555758100000503 0.0010699030000012044
70 0.004194916999992415 0.005015085000010799
100 0.005040878000002635 0.0045622379999912255
200 0.0036826589999918724 0.014057801000006975
300 0.003142856000010852 0.007438019999995049
400 0.0030655159999923853 0.010348384000010924
500 0.002962562999996976 0.018458761999994522
600 0.006662047000006055 0.008228887999990775
700 0.003393109999990429 0.0007470090000083474
800 0.003459015999993653 0.0011704610000009552
900 0.006287714999999139 0.0009157460000039919
1000 0.0050380750000016405 0.001515960000006089
2000 0.004929767000007246 0.003400545000005195
3000 0.003649564999989252 0.00421895800000982
4000 0.004763628999995717 0.005839586999996982
5000 0.0041597619999862445 0.005659088000001589
10000 0.008185448999995515 0.007703591000009169
20000 0.011381245999999123 0.01925621600000227
50000 0.01479541400000528 0.04909537700000044
100000 0.03827893300000085 0.09017148299999178
500000 0.1043055890000062 0.37875886700000194
1000000 0.19016489499999523 0.7553491839999964
5000000 0.9640759769999931 3.7397768189999994
10000000 1.799646709000001 8.010162496000007
