1 0.0018264909999956558 0.15996797400000418
5 0.0023104660000043964 0.003746489000000963
10 0.002361737999997615 0.006811959999993178
15 0.0028271430000046394 0.007063318000007257
20 0.002097593000002007 0.009300899999999501
30 0.0025875490000117907 0.011182910999991691
40 0.002765151000005517 0.014217982000005236
50 0.0030360770000044113 0.01628391100000215
60 0.0025365479999948093 0.018918456000008632
70 0.0034050379999968072 0.02210528700000225
100 0.002655015999991406 0.0359046410000019
200 0.003243229000005954 0.07625803700000233
300 0.003235371000002374 0.10859728399999824
400 0.003494900000006851 0.13599609000000612
500 0.0028552060000066604 0.1719709969999883
600 0.002852266000004988 0.24741860599999654
700 0.002918703000005962 0.2297820470000005
800 0.0030090850000021874 0.2684702130000005
900 0.0027930650000058677 0.30508957699998973
1000 0.00340381799999534 0.37506742500001167
2000 0.003813587999999868 0.9027355870000093
3000 0.005802696999992918 1.7340020970000012
4000 0.006854515000000561 2.5642757849999924
5000 0.014922020000000202 3.8349858170000033
10000 0.01859163199999614 17.86095090500001
