1 0.001958620000010569 0.1014844270000026
5 0.003085577999996758 0.006646028999995224
10 0.0035461760000146114 0.006707669000007854
15 0.0024379559999943012 0.010573797999995804
20 0.002261566999976594 0.010808668000009902
30 0.002618042999984027 0.014471919000015987
40 0.0022038460000146642 0.017238113999979987
50 0.002470720999980358 0.023516462999992882
60 0.0026908829999854333 0.02205891400001292
70 0.0018363499999907162 0.02614123700001869
100 0.0025909550000164927 0.03530680499997629
200 0.002523875000008502 0.06850080499998512
300 0.002119207000021106 0.0875392330000011
400 0.0023507470000083686 0.11133316999999465
500 0.0020738890000018273 0.14470346999999606
600 0.0023392310000076577 0.1760058840000056
700 0.0016189500000223234 0.2461881369999901
800 0.0026429700000107914 0.27797548600000255
900 0.0025215590000016164 0.30510776799999917
1000 0.002151787000002514 0.3619254430000183
2000 0.0025977699999941706 0.9699962649999918
3000 0.00485731300000225 1.8548538819999862
4000 0.0030724279999958526 2.6435208820000184
5000 0.012101449999988745 4.178911008
10000 0.017757655999986355 19.349727656
