1 0.003553590000002771 0.10980778100000066
5 0.002808985000001485 0.0067389049999988515
10 0.0024832120000013447 0.006175274999996816
15 0.0028103220000019746 0.008936800999997274
20 0.002956992000001435 0.01038647899999745
30 0.002533648000003552 0.013665060999997536
40 0.002764468999998826 0.016286791999995387
50 0.0025985499999947592 0.021461348000002545
60 0.0030655619999961914 0.02304671400000302
70 0.00338586999999535 0.02721356400000019
100 0.002757506000001797 0.03592129999999827
200 0.002459033000000943 0.07092991799999737
300 0.0026382789999956913 0.08602664100000368
400 0.002073846000001822 0.13630615800000356
500 0.004644041000005927 0.173582255999996
600 0.002598759000001394 0.18307083199999852
700 0.002645626999999706 0.21769833999999832
800 0.0024379809999999225 0.2644645789999984
900 0.0024717950000052724 0.31078412799999455
1000 0.0024516989999980865 0.38479438699999946
2000 0.003638062000000275 0.9596002129999945
3000 0.0030799070000000484 1.7907911539999972
4000 0.003504163000002336 2.8196856980000007
5000 0.014041777000002753 4.167439356999999
10000 0.01652121400000084 20.972281619
