1 0.0033964839999924834 0.10011193700000831
5 0.00229501700000867 0.0049149540000001934
10 0.0028744929999930946 0.006076684999996473
15 0.0021769149999926185 0.011523826000001236
20 0.003949344999995219 0.013447927000001414
30 0.002128175999999371 0.014293813999998406
40 0.0024970469999914258 0.015893829999996
50 0.0012330220000080772 0.01656538599999635
60 0.0020349350000117283 0.019177576999993562
70 0.002081830000008722 0.022323107999994818
100 0.0012942749999922398 0.037864404000004015
200 0.001961542999993071 0.07773568599999692
300 0.0027684879999867462 0.10545535700001096
400 0.002406338000000119 0.1318521080000039
500 0.005268972000010308 0.1668487999999968
600 0.002322156000005293 0.184797470999996
700 0.002272001000008572 0.211650462999998
800 0.0024779820000020436 0.26252438099999154
900 0.0023157149999946114 0.3034274680000095
1000 0.002972139000007701 0.3465787539999923
2000 0.0029169040000027735 0.9623002689999964
3000 0.0021396330000129637 1.7724724559999885
4000 0.003229736000008643 2.697160854999993
5000 0.013909024000000159 4.313341356999999
10000 0.01831686199999183 18.173758027000005
