1 0.04433420899999874 0.011203535999996461
5 0.0030461599999966893 0.0001580450000062683
10 0.003714541999997323 0.003120699000007221
15 0.0030942620000047327 0.00021582399999431345
20 0.0026750970000080088 0.00014729800000168325
30 0.0020942289999936747 0.0002884590000036269
40 0.004269060000012814 0.0040713979999935646
50 0.0033846930000009934 0.0006279400000011037
60 0.002825815000008447 0.0003733559999972158
70 0.0035374459999957253 0.004884347000000844
100 0.003229073999989396 0.005047655000012696
200 0.0032447900000107666 0.014818647999987888
300 0.004394603000008601 0.006898726999992277
400 0.00282081899999298 0.01046472599999504
500 0.0026283090000021048 0.015748771999994915
600 0.003148619000000963 0.012008375999997156
700 0.0028132229999897618 0.0011147740000012618
800 0.0038798679999985097 0.0009296180000006871
900 0.006240939000008439 0.0009456939999950009
1000 0.003884474999992449 0.0011958910000089418
2000 0.0043642379999937475 0.0033034440000108134
3000 0.0041110690000039085 0.004313748000001283
4000 0.0035547479999991083 0.006510460000001217
5000 0.004198379000001751 0.0045168470000049865
10000 0.008121535999990215 0.0077761140000092155
20000 0.010016718999992236 0.01734332899999913
50000 0.01583233099999859 0.039993809999998575
100000 0.02446199599999943 0.07992669600000113
500000 0.09981646500000352 0.3778297899999927
1000000 0.18688189499999908 0.7399384010000034
5000000 0.9680663270000025 3.7222640389999953
10000000 1.8296561159999953 7.524625743000001
