1 0.0020859629999847584 0.17814037000002259
5 0.0031336150000242924 0.002254160999996202
10 0.003984653000003391 0.008453376000005619
15 0.0027610839999852033 0.010073179000016808
20 0.0034619559999953253 0.013364491000004364
30 0.0029321600000002945 0.013772716000005403
40 0.0026847679999946195 0.01679052099999012
50 0.0028823489999751928 0.037078282000010176
60 0.0032849139999768795 0.036726018000024396
70 0.0024227030000076866 0.035477729999996654
100 0.003214169999978367 0.03907802300000185
200 0.003843352999979288 0.09849588100001938
300 0.00303666700000349 0.11322924099999909
400 0.0027761679999969147 0.1328733680000198
500 0.002931936999999607 0.17036367500000438
600 0.003331576999983099 0.22589473900001167
700 0.0025242380000065623 0.24345004199997788
800 0.0029933959999937088 0.261511363000011
900 0.002965837000004967 0.2877856979999933
1000 0.003936023999983718 0.3426862510000035
2000 0.0038915749999830496 0.8886439800000119
3000 0.0063832519999778015 1.6068056100000092
4000 0.0066771369999969465 2.4424552689999928
5000 0.0132121199999915 3.7387131639999893
10000 0.017146625999998832 17.847939956000005
