1 0.045238272000005963 0.012293287999995073
5 0.0031254649999823414 0.00019088100000885788
10 0.003934881000020596 0.004429972999986376
15 0.0031397299999866846 0.0002550259999907212
20 0.0033038720000035937 0.0006351460000075804
30 0.002806789000004528 0.0002180769999995391
40 0.0024702799999829494 0.004392375000008997
50 0.003133040999983905 0.0003138019999937569
60 0.003361968999996634 0.00023721600001636034
70 0.0031596949999936896 0.005171784999987494
100 0.0026846189999787384 0.004809897000001229
200 0.0037448670000230777 0.016172669999974687
300 0.004284887000011395 0.00665559399999438
400 0.003163102000002027 0.010062841000006983
500 0.00298643599998627 0.016635390999994115
600 0.002242599999988215 0.013074678999998923
700 0.0031656310000016674 0.0007436029999894345
800 0.0044904330000008486 0.0022729879999872082
900 0.0036203909999983352 0.0009683639999877869
1000 0.004550311999992118 0.0010266440000066268
2000 0.004532787999977472 0.004030925000023444
3000 0.004709832000003189 0.0038153339999951186
4000 0.004565213999995876 0.005627978000006806
5000 0.006253274000016518 0.004883433000003379
10000 0.00666667600000892 0.008727843000002622
20000 0.009958748000002515 0.01656654699999649
50000 0.015526589999979024 0.03985784200000353
100000 0.024352305000007846 0.07852799799999843
500000 0.10476580400001012 0.3645408719999921
1000000 0.17970915000000787 0.7296020579999833
5000000 0.9554601589999834 3.698799618999999
10000000 1.800365606999975 7.478262073000025
