1 0.0013249859999859837 0.09244216299998698
5 0.0021852520000038567 0.003258302000006097
10 0.0033056409999971947 0.007962241000029735
15 0.002344918999995116 0.0077491310000255
20 0.0023509289999879 0.01025275900002498
30 0.0014202269999827877 0.014674796999997852
40 0.00208397099999047 0.023171771000022545
50 0.0034837669999774334 0.02375112300001092
60 0.002854888000001665 0.01991046300003063
70 0.002336296000009952 0.02066261099997746
100 0.0019563780000453335 0.03690726099995345
200 0.004741965999983222 0.06714891900003295
300 0.0024678819999621737 0.10009782800000266
400 0.002341235999949731 0.12635076700001946
500 0.002470457000015358 0.14413762599997426
600 0.0016564719999792032 0.1789899390000187
700 0.0023541240000213293 0.20920701199997893
800 0.0020843249999984437 0.2545672069999796
900 0.0017008820000228297 0.2893849980000027
1000 0.0014728079999599686 0.3281943620000334
2000 0.0018981689999577611 0.9385233170000333
3000 0.00340786199996046 1.6623262630000113
4000 0.003142281999998886 2.6545613349999826
5000 0.01640439300001617 4.233523365999986
10000 0.01852712199996631 18.949047559999997
